decimalLatitude,decimalLongitude,year
-41.5090,145.2132,1973
-41.5250,145.2190,1973
-41.5090,145.2132,1974
-43.0575,147.3292,1974
-43.0828,146.9992,1974
-42.9255,147.3395,1974
-42.8439,147.3464,1974
-42.9267,147.3581,1974
-41.6216,148.2209,1974
-41.5250,145.2190,1974
-42.9052,147.3381,1975
-42.9255,147.3395,1975
-41.2736,145.6150,1975
-41.2203,145.5514,1975
-41.2281,145.5503,1975
-41.4256,145.5953,1975
-41.3594,145.5833,1975
-41.4486,145.4400,1975
-42.9575,147.2697,1975
-43.1375,146.7581,1975
-41.5344,148.1753,1975
-41.6022,148.2050,1975
-41.6567,148.2433,1975
-41.5069,148.2714,1975
-41.5582,148.1106,1975
-41.5411,148.1894,1975
-43.1329,146.7564,1975
-43.4619,146.8481,1976
-41.1086,144.9592,1976
-40.8453,145.0911,1976
-41.1511,145.0195,1976
-41.1495,145.0314,1976
-41.1539,145.0156,1976
-41.1550,145.0292,1976
-41.1431,145.0317,1976
-40.8369,145.1158,1976
-41.0911,144.9892,1976
-40.9503,144.8236,1976
-40.7781,144.8564,1976
-41.0061,144.9903,1976
-41.0972,145.2544,1976
-41.4297,145.4597,1977
-41.4272,145.4647,1977
-41.4667,145.3575,1977
-41.4486,145.4400,1977
-40.9531,144.8269,1977
-41.0061,144.9903,1977
-41.3756,145.2331,1977
-41.2425,145.3342,1977
-41.2669,145.3322,1977
-41.0456,144.8994,1977
-41.4303,145.5997,1977
-40.8258,145.0228,1977
-41.0592,145.0164,1977
-41.1086,144.9592,1978
-41.0842,145.3764,1978
-41.7292,145.4864,1978
-42.3497,147.0183,1978
-42.1533,146.7714,1978
-41.5581,148.1167,1978
-41.5583,148.0925,1978
-41.5344,148.1753,1978
-41.0014,144.9528,1979
-40.9161,145.0231,1982
-41.0917,145.0189,1982
-40.9156,144.9944,1982
-40.9856,144.8831,1982
-40.9742,144.9417,1983
-40.7631,144.8806,1983
-40.7694,144.8833,1983
-41.3606,146.7789,1983
-41.2550,146.6419,1983
-41.5908,146.6353,1983
-41.0142,144.9617,1983
-41.3456,147.6553,1983
-41.3494,147.7269,1983
-41.3483,147.6492,1983
-41.3517,147.6947,1983
-41.3592,147.6339,1983
-41.2458,147.4214,1983
-41.2731,145.0397,1983
-41.3833,145.0711,1983
-41.2936,145.0356,1983
-41.3464,145.0708,1983
-40.9250,145.0228,1983
-41.5403,146.6058,1983
-41.7450,146.7092,1983
-41.7667,146.7139,1983
-41.7389,146.6983,1983
-41.7378,146.7092,1983
-41.2628,144.9122,1983
-41.2556,144.9161,1983
-40.8586,144.8811,1983
-40.8856,144.8375,1983
-40.8489,144.8969,1983
-40.8572,144.9061,1983
-40.8606,144.8833,1983
-42.3689,145.6594,1983
-42.3719,145.6678,1983
-42.3108,145.6156,1983
-41.9186,145.5108,1983
-41.9214,145.5144,1983
-41.9342,145.4647,1983
-41.8956,145.2728,1983
-41.9478,145.5378,1983
-41.9656,145.5256,1983
-41.9700,145.5206,1983
-41.4806,145.4825,1983
-41.3569,145.6003,1983
-41.3581,145.6314,1983
-41.6189,145.6714,1983
-41.7272,145.4744,1983
-42.2050,145.4400,1983
-42.2150,145.4361,1983
-41.1864,145.3031,1984
-41.3486,147.5764,1984
-41.3317,147.5367,1984
-41.0067,144.9536,1984
-40.9742,144.9417,1984
-41.1522,145.0303,1984
-40.7475,145.2922,1984
-40.8306,145.1300,1984
-40.8367,145.1261,1984
-40.9797,144.6658,1984
-40.9419,144.6267,1984
-41.1844,145.3047,1984
-41.2000,145.0419,1984
-41.1944,145.5764,1984
-41.2008,145.0394,1984
-40.7786,145.0550,1984
-41.2317,145.3297,1984
-40.8278,145.1336,1984
-41.2000,145.0406,1984
-40.9547,144.9664,1984
-41.0592,145.0164,1984
-40.8469,145.0975,1984
-40.0389,144.0208,1984
-39.9264,144.0653,1984
-39.9108,144.0906,1984
-39.9169,144.0844,1984
-41.1069,144.9756,1984
-41.0819,145.3703,1984
-41.2872,146.3817,1984
-43.0836,147.9167,1984
-43.1367,147.9286,1984
-43.1375,147.9383,1984
-42.9758,147.9053,1984
-43.1003,147.8789,1984
-42.9592,147.8486,1984
-43.1117,147.9047,1984
-43.0342,147.9086,1984
-43.0442,147.9086,1984
-41.1117,144.9861,1984
-41.1239,144.9619,1984
-41.2236,147.8281,1984
-41.3183,148.1233,1984
-41.2375,148.1075,1984
-41.3992,147.9750,1984
-41.1864,145.3058,1984
-43.1231,146.7494,1984
-43.1294,146.7531,1984
-43.2300,146.6678,1984
-43.0211,146.6589,1984
-43.1850,146.6631,1984
-43.1989,146.7711,1984
-43.2142,146.7600,1984
-41.2786,147.2342,1984
-41.2822,147.2569,1984
-41.2831,147.2581,1984
-41.2850,147.2472,1984
-41.3672,147.4294,1984
-41.3744,147.4258,1984
-41.3753,147.4236,1984
-41.3789,147.4247,1984
-41.5025,147.6147,1984
-41.5078,147.6508,1984
-41.5086,147.6556,1984
-41.5292,147.6619,1984
-41.1567,145.0278,1985
-41.0792,145.4478,1985
-41.2294,147.8878,1985
-41.1847,148.0733,1985
-40.9483,144.9686,1985
-41.0156,145.0556,1985
-41.0786,145.0025,1985
-40.7461,145.2672,1985
-42.0867,146.4911,1985
-42.0444,146.5300,1985
-42.0203,146.5689,1985
-41.8619,146.5906,1985
-41.6542,146.3011,1985
-41.6825,146.3825,1985
-41.7353,148.2314,1985
-41.6992,148.2344,1985
-41.6436,148.2875,1985
-41.9419,145.5597,1986
-41.9094,145.1903,1986
-42.8969,147.3297,1986
-43.0828,147.9264,1986
-41.1678,147.1800,1986
-42.5731,147.0294,1986
-43.3986,147.3200,1986
-43.3681,147.2864,1986
-43.4003,147.3078,1986
-41.4336,145.6058,1987
-41.3981,145.5875,1987
-42.2683,147.8672,1987
-42.5967,147.8850,1987
-41.7950,148.1267,1987
-41.6414,148.2406,1987
-41.9483,147.8814,1987
-41.5344,148.1724,1987
-41.5344,148.1753,1987
-41.3167,148.1219,1987
-41.2294,147.8878,1987
-41.3494,147.7353,1987
-41.3744,147.4247,1987
-41.8128,145.4144,1987
-41.2953,148.1025,1987
-41.2933,148.1253,1987
-41.4072,148.1522,1987
-41.3186,148.0958,1987
-41.3225,148.0911,1987
-41.3089,148.0908,1987
-41.3486,148.0819,1987
-41.3644,148.1156,1987
-41.3694,148.0775,1987
-41.3842,148.1281,1987
-41.1953,148.1081,1987
-41.4103,148.2231,1987
-41.3378,148.1739,1987
-41.6306,148.2667,1987
-41.6547,148.2647,1987
-40.9825,148.0283,1987
-41.6750,148.2267,1987
-41.2917,148.0858,1987
-41.2986,148.0453,1987
-41.3000,148.0800,1987
-41.3022,148.0228,1987
-41.2722,148.0747,1987
-41.4267,148.1969,1987
-41.4400,148.2200,1987
-41.1864,148.0806,1987
-41.2317,148.0539,1987
-41.3764,148.2594,1987
-41.5592,148.1131,1987
-41.1047,148.1458,1987
-41.2697,148.3039,1987
-41.6261,148.2569,1987
-41.6289,148.2547,1987
-41.5519,147.8969,1987
-41.1697,148.2303,1987
-41.1714,148.2256,1987
-41.3825,148.2008,1987
-41.3992,147.9739,1987
-41.3850,148.0253,1987
-41.4264,148.0414,1987
-41.4069,147.9011,1987
-41.5872,148.2586,1987
-41.6539,148.1881,1987
-41.5750,148.2344,1987
-41.7978,148.2086,1987
-41.3444,147.8308,1987
-41.3817,147.7692,1987
-41.4314,147.8728,1987
-41.4425,147.9375,1987
-41.4364,147.9147,1987
-41.4200,147.9622,1987
-41.4697,148.1403,1987
-41.6828,148.2569,1987
-41.5567,147.8731,1987
-41.6381,148.2178,1987
-41.8152,145.4137,1987
-42.1772,145.6062,1987
-43.0764,146.7519,1988
-43.0742,146.7522,1988
-43.0861,146.7519,1988
-43.0839,146.7519,1988
-43.0750,146.7514,1988
-43.0847,146.7519,1988
-43.0744,146.7514,1988
-43.0867,146.7525,1988
-43.0875,146.7525,1988
-43.0753,146.7519,1988
-43.0831,146.7525,1988
-43.0678,146.7533,1988
-43.0731,146.7514,1988
-43.0883,146.7519,1988
-41.6547,148.2672,1988
-41.6172,148.2483,1988
-43.0764,146.7533,1988
-43.0803,146.7514,1988
-43.0750,146.7525,1988
-43.0753,146.7539,1988
-43.0894,146.7508,1988
-41.2569,147.2317,1988
-41.2578,147.2842,1988
-41.2597,147.2842,1988
-41.2650,147.2975,1988
-41.2694,147.3022,1988
-41.2767,147.2617,1988
-41.2839,147.2581,1988
-41.2403,147.0597,1988
-41.2750,147.2794,1988
-41.2767,147.2772,1988
-41.2778,147.2747,1988
-41.3008,147.3275,1988
-41.8272,148.2272,1988
-41.8283,148.2175,1988
-41.8244,148.2369,1988
-41.7911,148.2361,1988
-41.7847,148.2314,1988
-41.7956,148.2400,1988
-41.7822,148.2275,1988
-41.7831,148.2275,1988
-41.7003,148.2236,1988
-41.7011,148.2283,1988
-41.6939,148.2258,1988
-41.6983,148.2225,1988
-41.3167,148.1219,1988
-41.6986,148.1947,1988
-41.6989,148.1922,1988
-41.7033,148.1972,1988
-41.7442,148.2414,1988
-41.7450,148.2436,1988
-41.7850,148.2036,1988
-41.7833,148.2036,1988
-41.7436,148.2219,1988
-41.7497,148.2186,1988
-41.7508,148.2197,1988
-41.7967,148.2097,1988
-41.8019,148.2303,1988
-41.7003,148.2139,1988
-41.7003,148.2164,1988
-41.7581,148.2200,1988
-41.7589,148.2222,1988
-41.7586,148.2344,1988
-41.7586,148.2356,1988
-41.6914,148.2175,1988
-41.7022,148.2106,1988
-41.7458,148.2486,1988
-41.7467,148.2508,1988
-42.7069,147.8414,1988
-42.7114,147.8378,1988
-41.8003,148.2100,1988
-41.8011,148.2122,1988
-41.6925,148.1767,1988
-41.6944,148.1742,1988
-41.7017,148.1781,1988
-41.6997,148.1875,1988
-41.7981,148.1761,1988
-41.7800,148.1722,1988
-41.7703,148.1661,1988
-41.8486,148.1639,1988
-41.8503,148.1628,1988
-41.7983,148.1483,1988
-41.7992,148.1508,1988
-41.7956,148.1533,1988
-41.7972,148.1544,1988
-42.0181,147.8506,1988
-42.1022,147.7669,1988
-42.1039,147.7958,1988
-41.6842,148.2017,1988
-41.7600,148.1983,1988
-41.7964,148.2458,1988
-41.6994,148.2008,1988
-41.6844,148.1814,1988
-41.6853,148.1800,1988
-41.6806,148.2028,1988
-41.6558,148.2444,1988
-41.7400,148.2219,1988
-41.7964,148.1592,1988
-41.8000,148.1653,1988
-41.8544,148.1964,1988
-41.8544,148.2014,1988
-41.8564,148.2000,1988
-41.4014,148.2789,1988
-41.6772,148.1836,1988
-41.6800,148.1872,1988
-41.8347,148.1853,1988
-41.6772,148.1786,1988
-41.6819,148.1728,1988
-41.6828,148.1706,1988
-41.8050,148.1956,1988
-41.8058,148.1981,1988
-41.8006,148.1894,1988
-41.7914,148.1942,1988
-41.7853,148.1747,1988
-41.7917,148.1833,1988
-41.6733,148.2003,1988
-41.6744,148.1944,1988
-40.0333,148.0844,1988
-40.0567,148.0800,1988
-40.0250,148.0161,1988
-40.0253,147.9753,1988
-40.2025,148.1142,1988
-40.2311,148.1356,1988
-40.2397,148.0736,1988
-43.3292,147.2914,1988
-43.4147,147.2719,1988
-42.7531,147.8250,1988
-42.7206,147.8356,1988
-41.4781,147.4014,1988
-41.4781,147.4039,1988
-41.6939,147.7008,1988
-41.9147,148.2047,1988
-42.1967,148.0236,1988
-42.5075,147.6550,1988
-41.0686,147.7311,1988
-41.0758,147.7239,1988
-41.0544,147.6750,1988
-41.7269,146.6622,1988
-41.6292,146.8392,1988
-42.7272,147.1211,1988
-42.8945,147.2590,1988
-43.1431,147.9383,1988
-41.0597,148.2331,1988
-41.3822,148.2403,1988
-41.5172,148.1578,1988
-41.5058,148.2117,1988
-41.4886,148.2292,1988
-41.3358,148.1917,1988
-41.4539,148.2536,1988
-41.3953,147.9883,1988
-41.3569,147.9531,1988
-41.1861,148.0089,1988
-41.5361,148.2433,1988
-41.5386,148.2625,1988
-41.5406,148.2589,1988
-41.5864,147.8664,1988
-41.6031,147.7897,1988
-41.4639,147.7569,1988
-41.4667,147.7378,1988
-41.4456,147.7892,1988
-41.4278,147.7650,1988
-41.5628,148.2739,1988
-41.5617,148.2858,1988
-41.6403,148.1744,1988
-41.6022,148.3022,1988
-41.6397,148.1481,1988
-42.2100,147.2328,1988
-41.8075,146.8967,1988
-42.1253,147.2967,1988
-41.5636,148.1900,1988
-41.6992,148.2442,1988
-41.7072,148.2467,1988
-41.6347,148.2956,1988
-41.6739,148.2328,1988
-41.6311,148.2811,1988
-41.6339,148.2717,1988
-41.6492,148.2850,1988
-41.6483,148.2647,1988
-42.8525,146.3675,1988
-42.7406,146.4967,1988
-42.4444,147.0767,1988
-41.1628,144.8631,1988
-43.1135,147.9048,1988
-39.9064,144.0533,1989
-40.0047,144.0972,1989
-39.9247,144.0631,1989
-39.9100,144.0919,1989
-42.2072,147.2231,1989
-42.2092,147.2317,1989
-42.1217,147.2711,1989
-41.0508,148.0389,1989
-41.0508,148.0403,1989
-41.0525,148.0414,1989
-41.0464,148.0436,1989
-41.0517,148.0472,1989
-41.0525,148.0486,1989
-41.0533,148.0486,1989
-41.0508,148.0472,1989
-41.0453,148.0461,1989
-41.0481,148.0461,1989
-41.0489,148.0461,1989
-41.0497,148.0461,1989
-41.0472,148.0461,1989
-41.0489,148.0472,1989
-41.0497,148.0472,1989
-41.0525,148.0439,1989
-41.0525,148.0450,1989
-41.0533,148.0450,1989
-41.0517,148.0439,1989
-41.0489,148.0425,1989
-41.0500,148.0425,1989
-41.0508,148.0425,1989
-41.0508,148.0497,1989
-41.0517,148.0508,1989
-41.0589,148.0367,1989
-41.0544,148.0450,1989
-41.0544,148.0461,1989
-41.0581,148.0486,1989
-41.0589,148.0475,1989
-41.0597,148.0475,1989
-41.0553,148.0461,1989
-41.0553,148.0475,1989
-41.0581,148.0414,1989
-41.0581,148.0428,1989
-41.0589,148.0428,1989
-41.0561,148.0403,1989
-41.0572,148.0403,1989
-41.0553,148.0392,1989
-41.0561,148.0392,1989
-41.0561,148.0450,1989
-41.0561,148.0475,1989
-41.0608,148.0392,1989
-41.0500,148.0378,1989
-41.0508,148.0378,1989
-41.0597,148.0356,1989
-41.0544,148.0392,1989
-41.0597,148.0403,1989
-41.0608,148.0403,1989
-41.0608,148.0414,1989
-41.0581,148.0378,1989
-41.0581,148.0392,1989
-41.0633,148.0356,1989
-41.0525,148.0378,1989
-41.0528,148.0367,1989
-41.0717,148.0358,1989
-41.0725,148.0358,1989
-41.0753,148.0369,1989
-41.0753,148.0381,1989
-41.0761,148.0381,1989
-41.0706,148.0333,1989
-41.0717,148.0333,1989
-41.0725,148.0333,1989
-41.0733,148.0333,1989
-41.0742,148.0333,1989
-41.0753,148.0297,1989
-41.0761,148.0297,1989
-41.6411,148.2658,1989
-41.3833,148.1267,1989
-41.6483,148.2636,1989
-41.0708,148.0322,1989
-41.0717,148.0322,1989
-41.0725,148.0322,1989
-41.1617,144.8606,1989
-41.1819,144.8767,1989
-41.2053,144.8700,1989
-41.1750,147.2731,1989
-40.9906,147.9311,1989
-41.7739,147.2925,1989
-41.7747,147.2925,1989
-41.9456,147.0436,1989
-41.9617,147.1511,1989
-42.0150,147.8650,1989
-41.9492,147.8786,1989
-42.0239,147.9061,1989
-40.8322,145.1311,1989
-40.9525,144.7997,1989
-41.4558,148.1794,1989
-41.5431,148.1894,1989
-41.6514,148.2514,1989
-41.4406,148.2392,1989
-41.6356,148.2919,1989
-41.5617,148.2858,1989
-41.3992,147.9750,1989
-41.6347,148.2956,1989
-41.6983,148.2283,1989
-41.6992,148.2297,1989
-41.5169,148.1819,1989
-41.5117,148.1614,1989
-41.5153,148.1603,1989
-41.5164,148.1592,1989
-41.5172,148.1578,1989
-41.5172,148.1639,1989
-41.7217,146.6622,1989
-42.8525,146.3675,1989
-41.2638,144.9096,1989
-41.5306,148.1592,1990
-41.5261,148.1653,1990
-41.2053,144.8700,1990
-40.8300,145.1525,1990
-40.8761,145.1761,1990
-40.8825,145.1794,1990
-41.2681,144.9156,1990
-41.5544,146.3322,1990
-41.5617,146.3489,1990
-41.5822,146.3344,1990
-41.6408,146.5056,1990
-41.4969,146.3603,1990
-41.5261,148.1736,1990
-41.2656,144.9158,1990
-40.9433,145.0911,1990
-41.2592,144.9125,1990
-41.2306,147.8892,1990
-41.2286,147.8892,1990
-41.2286,147.8903,1990
-41.4819,145.4467,1990
-41.4811,145.4478,1990
-41.4800,145.4492,1990
-41.5206,148.1794,1990
-41.5358,148.1833,1990
-41.2508,148.0194,1990
-41.5342,148.1581,1990
-41.4836,145.4442,1990
-40.9317,144.9928,1990
-40.9008,145.0317,1990
-41.0928,144.9283,1990
-41.2567,144.8289,1990
-41.0978,145.0128,1990
-41.2492,144.9139,1990
-41.2956,144.9339,1990
-41.1689,144.9022,1990
-41.1608,144.8583,1990
-41.0394,144.9633,1990
-41.2636,144.9122,1990
-41.3611,144.9283,1990
-40.8233,145.0269,1991
-41.2750,144.7150,1991
-41.2697,144.7150,1991
-41.3328,144.9053,1991
-41.3283,144.9053,1991
-41.1664,144.9142,1991
-41.1608,144.8594,1991
-40.8444,145.1044,1991
-41.2592,144.9125,1991
-41.3981,144.7858,1991
-41.3944,144.7883,1991
-41.4856,145.4417,1991
-41.2956,144.9339,1991
-41.1653,144.8642,1991
-41.1550,145.0992,1991
-40.9283,145.0047,1991
-40.9292,145.0058,1991
-41.3614,144.8444,1991
-41.7253,146.6622,1991
-40.8978,144.7183,1991
-42.4342,147.8378,1991
-42.4358,147.8414,1991
-42.3519,147.8842,1991
-42.4817,147.8469,1991
-42.4828,147.8483,1991
-42.3469,147.7953,1991
-42.3650,147.7956,1991
-42.4169,147.8631,1991
-42.5008,147.7011,1991
-42.4469,147.8028,1991
-42.4506,147.7992,1991
-42.5119,147.7731,1991
-42.5139,147.7767,1991
-42.5147,147.7731,1991
-42.4961,147.7339,1991
-42.4411,147.7528,1991
-42.4628,147.8564,1991
-41.2550,147.3058,1991
-41.2614,147.3033,1991
-41.2642,147.3058,1991
-41.2722,147.3011,1991
-41.2867,147.2678,1991
-41.3031,147.2558,1991
-41.2569,147.2686,1991
-41.2703,147.2950,1991
-41.2958,147.2511,1991
-41.2967,147.2869,1991
-41.2750,147.2808,1991
-41.2767,147.2772,1991
-41.6900,146.6217,1991
-40.7494,144.8811,1991
-40.7694,144.8864,1991
-40.9497,144.8450,1991
-40.9275,145.0072,1991
-40.9731,144.9392,1991
-41.1231,147.1525,1991
-41.1150,147.1072,1991
-41.3167,148.1219,1991
-41.6261,148.2425,1991
-41.1097,144.9778,1991
-42.6167,147.8792,1991
-42.6206,147.8489,1991
-42.6925,147.8547,1991
-42.6961,147.8561,1991
-42.7069,147.8561,1991
-42.7078,147.8536,1991
-42.6042,147.8717,1991
-42.6058,147.8681,1991
-40.9322,144.7803,1991
-42.6283,148.0906,1991
-42.6292,148.0881,1991
-42.6292,148.0928,1991
-42.6569,148.0969,1991
-42.6222,148.0697,1991
-42.6322,148.0650,1991
-42.7067,148.0783,1991
-42.6844,148.0683,1991
-42.6006,148.0667,1991
-42.6164,148.1011,1991
-41.3497,147.2164,1991
-41.2067,146.3275,1991
-41.2203,146.3203,1991
-41.3683,145.5869,1991
-41.4103,145.6289,1991
-41.3675,145.5906,1991
-41.4472,145.6139,1991
-41.4011,145.5992,1991
-41.3706,145.6142,1991
-41.4172,145.5953,1991
-41.4583,145.5742,1991
-41.4586,145.5908,1991
-41.4583,145.5717,1991
-40.8422,145.3050,1991
-40.8681,145.2939,1991
-40.9314,145.3644,1991
-41.0314,145.3800,1991
-41.1136,144.9850,1991
-40.8164,144.9844,1991
-40.8892,144.9253,1991
-40.8194,144.9108,1991
-40.8203,144.9036,1991
-41.0531,145.1950,1991
-40.8461,145.1592,1991
-41.0306,145.1456,1991
-40.9486,145.2478,1991
-40.9839,145.4547,1991
-40.8936,145.3761,1991
-41.1881,145.1353,1991
-41.2197,145.0317,1991
-41.2947,145.0403,1991
-41.1719,144.8783,1991
-41.1642,144.9453,1991
-41.2053,144.8700,1991
-41.1261,145.1442,1991
-41.0858,145.1036,1991
-41.0969,145.1700,1991
-41.0689,145.1078,1991
-40.9661,144.8550,1991
-40.9583,145.1264,1991
-41.0114,145.0700,1991
-41.0619,145.0161,1991
-41.0900,144.9844,1991
-41.0461,144.8978,1991
-41.0483,144.8192,1991
-41.0633,144.9508,1991
-41.2025,144.7747,1991
-41.1258,144.7689,1991
-41.1703,145.2681,1991
-41.1383,144.9531,1991
-41.1475,145.0172,1991
-41.2392,145.1206,1991
-41.4992,146.4706,1991
-41.4992,146.4742,1991
-41.4947,146.4575,1991
-41.4956,146.4597,1991
-41.3564,147.4233,1991
-41.3753,147.4211,1991
-41.3753,147.4306,1991
-41.3844,147.4175,1991
-41.4072,147.3267,1991
-41.4961,146.3556,1991
-41.5042,146.3628,1991
-41.4964,146.4406,1991
-41.4744,146.3569,1991
-41.4753,146.3558,1991
-41.2644,144.9097,1992
-41.2492,144.9139,1992
-41.8183,145.4133,1992
-41.8992,145.2678,1992
-41.8650,145.4628,1992
-41.8658,145.4686,1992
-41.7619,145.0861,1992
-42.0428,145.2953,1992
-41.8303,145.2456,1992
-41.6233,145.6689,1992
-41.1908,144.8692,1992
-41.2053,144.8700,1992
-41.0017,144.6864,1992
-41.0331,144.6792,1992
-41.2653,144.9144,1992
-41.0769,145.9706,1992
-41.3378,145.9139,1992
-41.1708,146.0906,1992
-41.2125,146.0208,1992
-41.3069,146.3706,1992
-41.3061,146.2189,1992
-41.3544,146.0772,1992
-41.0517,145.6936,1992
-41.1300,145.4633,1992
-41.1189,145.5231,1992
-41.2233,144.6906,1992
-41.2108,146.6353,1992
-41.2117,146.6375,1992
-41.3572,146.9142,1992
-41.2633,146.7089,1992
-41.1906,146.9681,1992
-41.1122,146.9858,1992
-41.0581,147.1633,1992
-41.0500,147.0572,1992
-41.4192,146.7442,1992
-41.4400,146.8278,1992
-41.5028,146.7342,1992
-41.3942,146.8878,1992
-41.4031,146.8794,1992
-41.6814,146.7767,1992
-41.8075,146.8956,1992
-41.8156,146.8508,1992
-41.5767,147.5400,1992
-41.4781,147.4039,1992
-41.2411,147.0575,1992
-41.2978,147.0528,1992
-41.3075,147.2103,1992
-41.2950,147.1267,1992
-41.3408,147.1939,1992
-41.3681,147.1292,1992
-41.1797,147.0836,1992
-41.0700,147.4083,1992
-41.1822,147.3042,1992
-41.0486,147.3239,1992
-41.2031,147.1575,1992
-41.4319,147.2181,1992
-41.2069,147.6000,1992
-41.1408,147.6878,1992
-41.0717,147.6619,1992
-41.2503,147.4239,1992
-41.2281,148.0561,1992
-41.3378,148.1739,1992
-41.2247,148.1158,1992
-41.2992,148.0692,1992
-41.0589,148.2331,1992
-41.3831,148.2403,1992
-41.5375,148.1858,1992
-41.3186,148.2106,1992
-41.5592,148.0939,1992
-41.5833,147.9264,1992
-41.6581,147.6500,1992
-41.6122,147.7850,1992
-41.7372,147.6856,1992
-41.5881,146.6258,1992
-41.6081,146.6736,1992
-41.6328,146.8406,1992
-43.1419,147.9383,1992
-43.1856,147.7731,1992
-42.2100,147.2317,1992
-42.1261,147.2978,1992
-41.7239,146.9100,1992
-41.5683,147.3756,1992
-42.8611,147.1581,1992
-42.4525,147.0828,1992
-42.7281,147.1211,1992
-42.4317,147.0489,1992
-42.5858,147.0172,1992
-42.9422,147.9219,1992
-42.9308,147.9033,1992
-42.8086,147.7439,1992
-42.5158,147.5808,1992
-42.2167,147.7500,1992
-42.0186,147.9786,1992
-42.1039,147.7997,1992
-42.0708,147.7689,1992
-41.9706,147.6386,1992
-42.0133,147.8661,1992
-41.5800,148.0056,1992
-41.4611,147.8719,1992
-41.4619,147.7581,1992
-41.4978,147.9228,1992
-41.4003,147.8389,1992
-42.3031,146.3619,1992
-42.3031,146.3633,1992
-42.3039,146.3633,1992
-42.2994,146.3608,1992
-42.3003,146.3608,1992
-42.2986,146.3608,1992
-42.2986,146.3633,1992
-42.2994,146.3633,1992
-42.1883,146.2978,1992
-42.1892,146.2978,1992
-42.1856,146.3039,1992
-42.3003,146.3619,1992
-42.1892,146.3003,1992
-42.1847,146.3025,1992
-42.1847,146.3039,1992
-42.1900,146.2989,1992
-42.1875,146.2967,1992
-42.1883,146.2967,1992
-42.2725,146.3600,1992
-42.2733,146.3600,1992
-42.2742,146.3597,1992
-42.2689,146.3611,1992
-42.2725,146.3636,1992
-42.2742,146.3636,1992
-42.2697,146.3611,1992
-42.2725,146.3622,1992
-42.2714,146.3622,1992
-42.1856,146.3014,1992
-42.1875,146.3003,1992
-42.2714,146.3647,1992
-42.2717,146.3672,1992
-42.2733,146.3658,1992
-41.3056,146.4375,1992
-42.6125,147.2586,1992
-42.7853,147.3497,1992
-41.2042,144.8700,1992
-40.9067,144.9947,1992
-40.7794,147.9469,1992
-40.8289,147.9844,1992
-41.1178,147.7672,1992
-40.8394,145.0275,1992
-40.8406,145.0275,1992
-40.8369,144.9803,1992
-40.8378,144.9778,1992
-40.8950,145.0047,1992
-40.8706,144.9519,1992
-40.8958,144.9417,1992
-40.9097,144.9733,1992
-40.8669,144.9425,1992
-40.9053,144.9664,1992
-40.9556,144.9197,1992
-40.8783,145.0228,1992
-40.9686,144.9917,1992
-40.9714,144.9906,1992
-40.9150,144.8592,1992
-40.9353,144.8419,1992
-40.9594,144.9753,1992
-41.7731,145.6069,1992
-41.7050,145.3681,1992
-41.7061,145.3703,1992
-40.7347,144.7133,1992
-40.7294,144.7183,1992
-41.1331,147.4028,1992
-41.0700,147.4061,1992
-41.0353,147.3119,1992
-40.9717,147.8108,1992
-41.0747,147.5989,1992
-40.9728,147.8892,1992
-40.9736,147.8939,1992
-41.0464,147.6475,1992
-41.0592,148.0272,1992
-41.1314,147.8853,1992
-40.9842,148.0319,1992
-40.9089,148.1886,1992
-41.1156,147.9614,1992
-41.1475,147.6483,1992
-41.0658,147.7369,1992
-41.0919,147.7111,1992
-41.1708,147.6414,1992
-41.6175,147.4850,1992
-41.0711,147.4036,1992
-41.1453,147.2992,1992
-41.1764,147.7714,1992
-41.2169,147.9856,1992
-41.2589,148.0267,1992
-41.0272,147.8494,1992
-41.3083,147.9475,1992
-41.1717,147.8989,1992
-41.2692,148.2706,1992
-41.1314,148.0844,1992
-41.3425,148.0675,1992
-41.2036,148.0628,1992
-41.0958,148.1469,1992
-41.5317,148.0503,1992
-41.3833,148.0347,1992
-41.5550,148.0758,1992
-41.4872,147.9847,1992
-40.8844,144.9622,1992
-40.9878,145.0078,1992
-41.0106,144.9689,1992
-40.8989,145.0258,1992
-41.2419,146.9203,1992
-41.2175,146.9094,1992
-41.2372,146.8367,1992
-41.4428,147.1164,1992
-41.4292,147.2503,1992
-41.4931,147.1847,1992
-41.0150,144.8689,1992
-40.9944,144.9708,1992
-41.0000,144.9800,1992
-40.8878,144.9456,1992
-41.0347,144.9517,1992
-40.9964,144.9850,1992
-40.9992,144.9825,1992
-40.9992,144.9836,1992
-41.0044,144.9847,1992
-41.7014,146.8753,1993
-41.6769,146.8308,1993
-41.6850,146.8417,1993
-41.1175,147.5053,1993
-41.7408,147.2564,1993
-41.2581,147.1864,1993
-41.1681,147.2017,1993
-41.1261,147.3503,1993
-41.3975,147.3053,1993
-41.7000,147.5325,1993
-41.5417,147.4942,1993
-41.5333,147.3467,1993
-41.4919,147.5356,1993
-41.4228,147.5136,1993
-41.5011,147.2950,1993
-41.4394,147.4358,1993
-41.5286,147.3694,1993
-41.4431,147.5892,1993
-41.6397,147.7242,1993
-41.6656,147.7544,1993
-41.5242,147.4053,1993
-41.6269,147.7372,1993
-41.5367,147.8742,1993
-41.3817,147.7692,1993
-41.4322,147.8728,1993
-41.3992,147.9739,1993
-41.6247,147.9317,1993
-41.6586,148.0764,1993
-41.3486,147.7378,1993
-41.4303,147.7650,1993
-41.2794,147.9400,1993
-41.2725,147.7967,1993
-41.4053,148.1869,1993
-41.2581,147.6578,1993
-41.3336,147.5069,1993
-41.3081,147.3347,1993
-41.3233,147.3383,1993
-41.3178,147.4053,1993
-41.2511,145.8925,1993
-42.9414,147.9219,1993
-42.8831,147.7850,1993
-42.9372,147.8961,1993
-40.9964,144.9861,1993
-41.4172,145.5953,1993
-41.4881,147.3931,1993
-41.4144,147.3136,1993
-41.4297,147.3628,1993
-41.0725,147.6822,1993
-41.0247,147.6556,1993
-41.0778,147.6978,1993
-41.0572,147.6403,1993
-41.0444,147.6747,1993
-41.0633,147.6869,1993
-41.0644,147.6656,1993
-41.0544,147.6653,1993
-41.4158,147.6450,1993
-41.4286,147.5903,1993
-41.4625,147.6744,1993
-41.4658,147.7356,1993
-41.4394,148.0056,1993
-41.1425,147.7258,1993
-41.3844,148.1125,1993
-41.0881,147.7742,1993
-41.4247,148.0400,1993
-41.0275,147.8161,1993
-41.0458,147.7342,1993
-41.1514,147.5842,1993
-41.0550,147.7200,1993
-41.0444,147.6878,1993
-41.0536,147.6750,1993
-41.0561,147.6869,1993
-41.0600,147.6642,1993
-41.0644,147.6750,1993
-41.0433,147.7106,1993
-41.0633,147.6942,1993
-41.0508,147.6583,1993
-41.0564,147.6606,1993
-41.1661,147.1658,1993
-41.1733,147.1539,1993
-41.1769,147.1492,1993
-41.1861,147.1469,1993
-41.2017,144.6961,1993
-41.1872,144.6917,1993
-41.2153,144.6908,1993
-41.1928,144.6975,1993
-41.1025,144.6803,1993
-41.1403,144.6861,1993
-41.1347,144.6756,1993
-41.0925,144.6831,1993
-41.1883,144.6964,1993
-41.1817,144.6858,1993
-41.1592,144.6747,1993
-41.1503,144.6822,1993
-41.1283,144.6736,1993
-41.1169,144.6811,1993
-41.0781,144.6753,1993
-41.0836,144.6811,1993
-41.3125,144.7422,1993
-41.2853,144.7217,1993
-41.2997,144.7283,1993
-41.3233,144.7406,1993
-41.3492,144.7733,1993
-41.3308,144.7489,1993
-41.4089,144.7844,1993
-41.4142,144.7733,1993
-41.3675,144.7833,1993
-41.3694,144.7906,1993
-41.2572,144.7214,1993
-41.0833,147.6706,1993
-41.0858,147.7014,1993
-41.0672,147.6511,1993
-41.4275,144.7669,1993
-41.4614,144.7969,1993
-41.4469,144.7950,1993
-41.4889,144.8211,1993
-41.5356,144.8628,1993
-41.5228,144.8561,1993
-41.5811,144.8889,1993
-41.5892,144.8897,1993
-41.5619,144.8775,1993
-41.5747,144.8842,1993
-41.5033,144.8314,1993
-41.5128,144.8431,1993
-41.6139,144.9058,1993
-41.4769,144.8144,1993
-41.4753,144.8169,1993
-41.6028,144.8953,1993
-41.6083,144.8989,1993
-41.4186,144.7722,1993
-41.3392,144.7653,1993
-41.2406,144.7017,1993
-41.2189,144.6917,1993
-41.2508,144.7108,1993
-41.0661,144.6675,1993
-41.0589,144.6653,1993
-41.0633,144.6628,1993
-41.6417,144.9061,1993
-41.6572,144.9128,1993
-41.6308,144.9053,1993
-41.6653,144.9197,1993
-41.6472,144.9058,1993
-41.1008,147.7303,1993
-41.0911,147.7181,1993
-41.1050,147.6669,1993
-41.1058,147.6850,1993
-41.1067,147.6981,1993
-41.3022,146.9847,1993
-41.2942,147.0311,1993
-41.2686,146.4425,1993
-41.2692,146.3733,1993
-41.3333,146.4469,1993
-41.2189,146.4369,1993
-41.6806,146.4944,1993
-41.6858,146.4978,1993
-40.9950,147.0608,1993
-41.4811,145.4478,1993
-41.4389,145.6008,1993
-41.4783,145.4503,1993
-40.9314,145.4358,1993
-41.6842,146.9486,1993
-41.8508,148.0097,1993
-41.7731,147.8328,1993
-41.7778,147.8256,1993
-41.8719,147.9678,1993
-41.9339,147.5961,1993
-41.1786,145.2667,1993
-41.1794,145.2689,1993
-41.3675,145.5869,1993
-41.3683,145.5869,1993
-41.4153,145.5894,1993
-41.6625,146.9606,1993
-41.6797,146.9078,1993
-41.6850,146.9028,1993
-41.0467,145.8958,1993
-41.0483,145.8947,1993
-41.0492,145.8936,1993
-41.0503,145.8922,1993
-41.0803,145.9264,1993
-41.0811,145.9228,1993
-41.0681,145.9611,1993
-41.0742,145.9525,1993
-41.0811,145.9203,1993
-41.0808,145.9086,1993
-41.0819,145.9072,1993
-41.7800,147.5742,1993
-41.7800,147.5753,1993
-41.5483,146.9714,1993
-41.4639,146.6386,1993
-41.6219,146.7925,1993
-41.0800,145.9144,1993
-41.2172,145.0353,1993
-41.1889,145.1328,1993
-41.1261,145.0297,1993
-41.1711,145.0881,1993
-41.0864,145.9250,1993
-41.0772,145.9086,1993
-41.6853,146.3742,1993
-41.6986,146.3656,1993
-41.6906,146.9894,1993
-41.6969,146.9906,1993
-41.6500,147.0133,1993
-41.5303,147.1128,1993
-41.5744,147.0386,1993
-41.6986,146.8536,1993
-41.7094,146.8728,1993
-41.5733,147.2378,1993
-41.5486,147.3192,1993
-41.5308,147.3047,1993
-41.7147,146.8847,1993
-41.7203,146.8908,1993
-41.7347,146.8872,1993
-41.7861,147.0783,1993
-41.6661,146.8561,1993
-41.6933,146.8933,1993
-41.6517,146.9197,1993
-41.7525,146.8847,1993
-41.6761,146.8919,1993
-41.6769,146.9028,1993
-41.6825,146.8981,1993
-41.6517,146.8814,1993
-41.7372,146.9100,1993
-41.5833,146.8358,1993
-41.7608,146.8797,1993
-41.6914,146.8644,1993
-41.6806,146.9078,1993
-41.7850,146.9028,1993
-41.7733,146.8797,1993
-41.5547,145.9017,1993
-41.5525,145.7664,1993
-41.5617,145.8883,1993
-41.1725,145.4778,1993
-41.1761,145.4800,1993
-42.2272,145.6164,1993
-42.1614,145.5356,1993
-41.4825,147.1428,1994
-41.7464,146.8353,1994
-41.7906,146.8486,1994
-41.7669,146.8172,1994
-40.9967,147.5256,1994
-40.8644,147.6361,1994
-40.9992,147.3544,1994
-41.0064,147.3356,1994
-40.8483,147.6514,1994
-41.0614,147.5714,1994
-41.0861,147.4644,1994
-41.1158,147.4503,1994
-41.1267,147.4506,1994
-41.1378,147.5650,1994
-41.1728,147.4103,1994
-41.0828,147.3703,1994
-41.0847,147.3764,1994
-41.0867,147.5217,1994
-41.1761,147.4650,1994
-41.1253,147.3600,1994
-41.0422,147.3953,1994
-41.4433,145.6117,1994
-41.5650,145.6822,1994
-41.8283,145.6308,1994
-41.5539,145.9006,1994
-41.7311,146.8667,1994
-41.7347,146.8872,1994
-41.6986,146.8619,1994
-41.7653,146.8833,1994
-41.0864,145.9250,1994
-41.1542,145.7547,1994
-43.5275,146.5028,1994
-43.5283,146.4964,1994
-43.5339,146.8875,1994
-42.8614,147.4494,1994
-41.9347,145.6336,1994
-41.9347,145.6358,1994
-43.2875,146.6144,1994
-41.3011,146.3086,1994
-41.2297,146.2639,1994
-41.2847,146.2550,1994
-41.7711,147.3636,1994
-42.1272,145.8786,1994
-42.1364,145.8772,1994
-42.2142,146.0175,1994
-42.2172,146.0806,1994
-42.2172,146.0600,1994
-42.2656,146.2750,1994
-42.2131,146.1231,1994
-42.2131,146.0964,1994
-42.3094,146.3789,1994
-42.3086,146.3861,1994
-42.8192,146.1097,1994
-42.8381,146.2403,1994
-42.7764,146.0369,1994
-42.8278,146.3161,1994
-42.7778,146.3986,1994
-42.7522,146.5089,1994
-42.7589,146.4050,1994
-42.7947,146.5844,1994
-42.7714,146.5944,1994
-41.6847,146.7369,1994
-41.7011,146.7214,1994
-41.6433,146.7192,1994
-41.7092,146.7261,1994
-41.7192,146.7247,1994
-41.6497,146.7156,1994
-41.6542,146.7217,1994
-41.5414,147.3886,1994
-41.5194,147.4531,1994
-41.4672,147.4433,1994
-41.4797,147.4350,1994
-41.5169,147.4183,1994
-41.3442,147.3600,1994
-41.3611,147.3481,1994
-41.5158,147.4375,1994
-41.5181,147.3656,1994
-41.3811,147.3206,1994
-41.5314,147.3503,1994
-41.4928,147.3608,1994
-41.4208,145.5978,1994
-41.4172,145.5953,1994
-41.1606,146.7142,1994
-41.2636,146.3389,1994
-41.1708,146.0906,1994
-41.5519,146.2447,1994
-41.5461,146.2831,1994
-41.5722,146.2925,1994
-41.5075,146.3172,1994
-41.4742,146.3403,1994
-41.4406,146.2856,1994
-41.5997,146.4039,1994
-41.1742,146.0572,1994
-41.1742,146.0583,1994
-41.3461,145.6853,1994
-40.9097,144.9708,1994
-41.1639,147.3433,1994
-41.1694,147.3603,1994
-41.2392,147.1900,1994
-41.2003,147.2603,1994
-41.6075,145.7678,1994
-41.4358,146.4183,1994
-41.4000,146.4211,1994
-41.4542,146.4542,1994
-41.4719,146.4350,1994
-41.2800,146.4114,1994
-41.3800,146.3842,1994
-41.4111,146.3325,1994
-41.4122,146.3350,1994
-41.3344,146.6919,1994
-41.3806,146.7644,1994
-41.7958,147.1253,1994
-41.3142,146.5558,1994
-41.3450,146.6044,1994
-41.3567,147.3922,1994
-41.3694,147.2764,1994
-41.6311,147.0975,1994
-41.4394,147.3689,1994
-41.4539,147.3750,1994
-41.3833,147.4989,1994
-41.4003,147.5181,1994
-41.4544,147.4731,1994
-41.4661,147.4983,1994
-41.5644,147.1453,1994
-41.5150,147.3981,1994
-41.5178,147.3992,1994
-41.5197,147.3897,1994
-41.3389,147.2572,1994
-41.4114,146.9917,1994
-41.1733,146.3267,1994
-41.2217,146.2950,1994
-41.4744,147.4122,1994
-41.4647,147.4061,1994
-41.4675,147.3967,1994
-41.4711,147.3797,1994
-41.4736,147.3906,1994
-41.6042,147.4094,1994
-41.5744,147.4453,1994
-41.3983,147.3281,1994
-41.4017,147.3400,1994
-41.4217,147.3436,1994
-41.4325,147.3519,1994
-41.4333,147.3653,1994
-41.4422,147.3533,1994
-41.4483,147.4264,1994
-41.4511,147.4347,1994
-41.4906,147.4314,1994
-41.2719,146.2383,1994
-41.4225,146.2667,1994
-41.3450,146.2661,1994
-41.3419,146.3464,1994
-41.3747,146.2742,1994
-42.9703,147.0222,1994
-42.9703,147.0233,1994
-42.9711,147.0222,1994
-42.2439,147.4025,1994
-41.2864,144.9306,1994
-41.1414,145.0400,1994
-41.7508,145.6411,1994
-41.7028,145.3344,1994
-41.4083,147.6725,1994
-41.4094,147.6739,1994
-41.5694,147.9561,1994
-41.5547,147.8756,1994
-41.5450,147.8622,1994
-41.3639,147.5644,1994
-35.5800,149.9200,1994
-41.3864,147.3422,1995
-41.3972,147.3781,1995
-41.4025,147.3831,1995
-41.1267,147.0478,1995
-41.1564,147.0622,1995
-41.2039,147.2078,1995
-41.1544,147.1169,1995
-41.3175,147.2475,1995
-41.2300,147.2125,1995
-41.2528,147.0872,1995
-41.2175,147.1694,1995
-41.2086,147.1361,1995
-41.2858,147.1828,1995
-41.3217,147.2942,1995
-41.4289,147.3186,1995
-41.4406,147.3353,1995
-41.9372,146.8953,1995
-41.9481,146.8892,1995
-41.8139,146.9219,1995
-42.9033,147.2439,1995
-42.8892,147.2353,1995
-41.8439,146.5822,1995
-41.8972,146.6228,1995
-42.1119,146.9372,1995
-41.9469,147.3031,1995
-41.9478,147.3103,1995
-41.4450,147.3700,1995
-41.4494,147.3797,1995
-41.4503,147.3844,1995
-41.4511,147.3797,1995
-41.4567,147.3881,1995
-41.4575,147.3869,1995
-41.4269,147.3711,1995
-41.4297,147.3664,1995
-41.4386,147.3678,1995
-41.4422,147.3664,1995
-40.9522,147.3506,1995
-41.0508,147.1311,1995
-41.0528,147.1300,1995
-41.0356,147.1000,1995
-41.1692,146.0942,1995
-40.9467,145.7158,1995
-40.9608,145.6206,1995
-41.8411,145.4958,1995
-41.8392,145.4969,1995
-41.4492,145.9886,1995
-41.4553,145.9717,1995
-41.3656,145.5844,1995
-41.4756,146.2528,1995
-41.4767,146.2719,1995
-41.4800,146.2564,1995
-41.4836,146.2647,1995
-41.1933,145.6394,1995
-41.2111,145.6128,1995
-41.5117,147.5467,1995
-41.5303,147.4114,1995
-41.4981,147.3908,1995
-41.4972,147.5800,1995
-41.4686,147.5342,1995
-41.5275,147.4856,1995
-41.5233,147.5683,1995
-41.5114,147.4064,1995
-41.5114,147.4256,1995
-41.5650,147.5219,1995
-41.5625,147.4714,1995
-41.5917,147.3986,1995
-41.5417,147.5278,1995
-41.5489,147.5386,1995
-41.4453,147.5042,1995
-41.4075,147.4739,1995
-41.3892,147.5586,1995
-41.3992,147.5350,1995
-41.4917,147.3811,1995
-41.4944,147.3739,1995
-41.4836,147.3656,1995
-41.3867,147.2681,1995
-41.3983,147.2742,1995
-41.3289,147.3228,1995
-41.3622,147.3028,1995
-41.4678,147.5056,1995
-41.4517,147.5244,1995
-41.5025,147.4256,1995
-41.4725,147.4647,1995
-41.4833,147.4650,1995
-41.5147,147.5131,1995
-41.5064,147.3272,1995
-41.4811,147.3486,1995
-41.4964,147.3500,1995
-41.5186,147.4556,1995
-41.4072,147.3244,1995
-41.5272,147.5264,1995
-41.4931,147.5022,1995
-41.5144,147.5311,1995
-41.4453,147.3019,1995
-41.4469,147.3103,1995
-41.4200,147.2994,1995
-41.4308,147.3089,1995
-41.3694,148.1708,1995
-41.4278,147.3556,1995
-41.4342,147.3581,1995
-41.4422,147.3461,1995
-41.4458,147.3628,1995
-41.4567,147.3725,1995
-41.4575,147.3594,1995
-41.4306,147.3617,1995
-41.4306,147.3747,1995
-41.4414,147.3808,1995
-41.4442,147.3497,1995
-41.4464,147.1103,1995
-41.4553,147.1114,1995
-41.4536,147.1175,1995
-41.2717,148.0317,1995
-41.2725,148.0317,1995
-41.2733,148.0294,1995
-41.2733,148.0331,1995
-41.2744,148.0281,1995
-41.3850,148.1256,1995
-41.3894,148.1292,1995
-41.2633,148.0353,1995
-41.2644,148.0375,1995
-41.2653,148.0364,1995
-41.4381,146.7297,1995
-41.4397,146.7283,1995
-41.3628,147.4628,1995
-41.3314,147.3958,1995
-41.3322,147.4317,1995
-41.4336,147.2839,1995
-41.4372,147.2814,1995
-41.4406,147.2864,1995
-41.4561,147.2922,1995
-41.7758,146.7150,1995
-41.7056,146.7153,1995
-41.4683,147.3511,1995
-41.4550,147.3439,1995
-41.4578,147.3439,1995
-41.4683,147.3594,1995
-41.4772,147.4217,1995
-41.4800,147.3919,1995
-41.4800,147.3956,1995
-41.4819,147.3847,1995
-41.4908,147.4169,1995
-41.3683,145.5844,1995
-41.3975,147.3111,1995
-41.4197,147.3556,1995
-41.1375,145.0700,1995
-41.1572,145.0564,1995
-41.3814,148.1281,1995
-41.3869,148.1219,1995
-41.4994,146.0811,1996
-41.6617,146.3250,1996
-41.6514,146.2867,1996
-41.6636,146.3744,1996
-41.6808,146.3681,1996
-41.6844,146.3706,1996
-41.8422,145.5247,1996
-41.8614,145.5364,1996
-41.7975,145.5328,1996
-41.4961,146.2322,1996
-41.4961,146.2394,1996
-41.4728,146.1306,1996
-41.5469,146.0314,1996
-41.1494,146.6461,1996
-41.1514,146.6475,1996
-41.1567,146.6128,1996
-41.1739,146.0344,1996
-41.1758,146.0344,1996
-41.1475,145.6381,1996
-41.0800,145.9144,1996
-41.1058,146.8811,1996
-41.1975,147.2947,1996
-41.8828,147.5800,1996
-41.8864,147.5800,1996
-40.8858,145.4714,1996
-41.0778,146.7169,1996
-41.1000,146.6619,1996
-42.8383,147.3378,1996
-40.9278,145.4347,1996
-40.9467,145.7169,1996
-41.4289,147.3603,1996
-41.3831,148.2403,1996
-41.3397,148.0711,1996
-41.3425,148.0567,1996
-41.3486,148.0761,1996
-41.1775,146.0297,1996
-41.4172,145.5953,1996
-41.4181,145.5978,1996
-41.1303,146.5439,1996
-41.1581,146.5233,1996
-41.1617,146.5222,1996
-41.2719,146.1203,1996
-41.2378,146.1375,1996
-41.0911,144.9844,1996
-41.1783,146.1478,1996
-41.1794,146.1453,1996
-41.2003,146.1917,1996
-41.1533,144.9467,1996
-41.0553,145.7650,1996
-41.0403,145.8069,1996
-41.7256,146.8847,1996
-41.7328,146.8908,1996
-41.7036,146.7225,1996
-40.9558,145.5956,1996
-41.5414,146.6094,1996
-41.4628,146.6050,1996
-41.1308,145.7694,1996
-41.1725,145.7067,1996
-42.1378,146.7292,1996
-42.2789,146.6328,1996
-42.2114,146.1303,1996
-41.2872,146.1331,1997
-41.2719,146.1203,1997
-41.1708,146.0931,1997
-41.7131,146.3739,1997
-41.6425,148.2417,1997
-41.6289,148.2536,1997
-41.3211,148.1317,1997
-41.3708,145.2389,1997
-41.3833,145.2278,1997
-41.9864,145.5153,1997
-41.8356,146.8400,1997
-41.1617,146.0644,1997
-41.3392,146.5531,1997
-41.3228,146.5103,1997
-41.2589,146.7722,1997
-41.2556,146.9406,1997
-42.8889,147.2364,1997
-41.3942,146.8483,1997
-41.3950,146.8531,1997
-41.5883,148.2467,1997
-41.5931,148.2239,1997
-41.5489,148.2303,1997
-41.5508,148.2197,1997
-41.5581,148.2103,1997
-41.6367,148.1875,1997
-41.6794,148.1500,1997
-41.6878,148.1283,1997
-41.6419,148.0147,1997
-41.6736,148.2711,1997
-41.6325,148.2381,1997
-41.7569,146.8161,1997
-41.7581,146.8161,1997
-41.7597,146.8150,1997
-41.6861,146.9906,1997
-41.6942,146.9906,1997
-41.7269,148.1761,1997
-41.6661,148.2039,1997
-41.7069,148.1792,1997
-41.6981,148.1828,1997
-41.5594,148.1539,1997
-41.6461,148.2189,1997
-41.5700,148.1781,1997
-41.7000,148.2464,1997
-41.7017,148.2478,1997
-41.5933,148.2000,1997
-41.6533,148.2181,1997
-41.6561,148.2181,1997
-41.6614,148.2228,1997
-41.6650,148.2217,1997
-41.6003,148.2325,1997
-41.5689,148.2211,1997
-43.0942,146.7125,1997
-43.0950,146.7114,1997
-43.0925,146.7175,1997
-43.0933,146.7175,1997
-43.0961,146.7078,1997
-43.0961,146.7064,1997
-43.1042,146.7358,1997
-43.1050,146.7358,1997
-43.0969,146.7064,1997
-43.0969,146.7078,1997
-43.0925,146.7114,1997
-43.0933,146.7125,1997
-43.0953,146.7531,1997
-43.0961,146.7531,1997
-43.0989,146.7458,1997
-43.0989,146.7469,1997
-43.0961,146.7508,1997
-43.0989,146.7408,1997
-43.0997,146.7408,1997
-43.0953,146.7422,1997
-43.0953,146.7433,1997
-41.2811,145.9397,1997
-41.2053,146.4217,1997
-41.2200,146.4383,1997
-41.3136,146.4614,1997
-41.3019,146.4567,1997
-41.5722,145.9386,1997
-41.5747,145.9350,1997
-41.5758,145.9339,1997
-41.5767,145.9386,1997
-41.5775,145.9397,1997
-41.5794,145.9372,1997
-41.5783,145.9350,1997
-41.5539,145.9172,1997
-41.0928,145.9178,1997
-41.0681,145.9706,1997
-41.0497,145.8353,1997
-41.1144,145.8222,1997
-41.1172,145.8269,1997
-41.0694,145.8408,1997
-41.1819,146.6414,1997
-41.1836,146.6197,1997
-41.0831,145.8333,1997
-41.0839,145.8322,1997
-41.0964,145.8214,1997
-41.0964,145.8236,1997
-41.6383,148.2825,1997
-41.5894,146.7314,1997
-41.5764,146.6200,1997
-41.5864,146.6306,1997
-41.5758,146.7206,1997
-41.3139,146.3203,1997
-41.3206,146.3742,1997
-41.3078,146.5869,1997
-41.3089,146.5881,1997
-41.3331,146.6106,1997
-41.4750,146.4647,1997
-41.4942,146.5150,1997
-41.4950,146.5161,1997
-41.4672,146.5619,1997
-41.5022,146.4969,1997
-41.5119,146.5053,1997
-41.3642,146.4992,1997
-41.3814,146.5217,1997
-41.3842,146.5181,1997
-41.3850,146.5097,1997
-41.3458,146.3881,1997
-41.3044,146.4364,1997
-41.3108,146.4136,1997
-41.3236,146.4433,1997
-41.3181,146.7039,1997
-41.2711,146.6133,1997
-41.2639,146.6669,1997
-41.2614,146.4558,1997
-41.2631,146.4533,1997
-41.2667,146.4511,1997
-41.2819,146.4258,1997
-41.2767,146.4222,1997
-41.3328,146.4828,1997
-41.4042,146.5719,1997
-41.4133,146.5706,1997
-41.4142,146.5669,1997
-41.4167,146.5647,1997
-41.3911,146.4642,1997
-41.3450,148.0939,1997
-41.2661,148.0306,1997
-41.4931,147.5369,1997
-41.5083,147.5369,1997
-41.5144,147.5539,1997
-41.3950,147.6378,1997
-41.3817,147.6436,1997
-41.4358,147.5928,1997
-41.5478,146.6608,1997
-41.5719,146.6008,1997
-41.5556,146.5900,1997
-41.5839,146.6583,1997
-41.4911,146.7342,1997
-41.4467,146.6075,1997
-41.4567,146.6097,1997
-41.4575,146.6122,1997
-41.3886,146.5158,1997
-41.3894,146.5169,1997
-41.5139,146.5353,1997
-41.6128,146.7708,1997
-41.6056,146.7494,1997
-41.2078,146.2033,1997
-41.8683,146.6892,1998
-41.9122,145.1842,1998
-41.9094,145.1917,1998
-41.9106,145.1939,1998
-41.6906,146.2083,1998
-41.6686,146.2975,1998
-41.9133,146.6106,1998
-41.8419,146.5739,1998
-41.8578,146.4797,1998
-41.8606,146.4772,1998
-41.0386,145.3750,1998
-41.5544,145.7136,1998
-40.7619,145.2989,1998
-40.9089,147.5892,1998
-41.2928,146.1450,1998
-41.2683,146.1192,1998
-41.2342,146.1375,1998
-41.1417,145.8644,1998
-41.3556,146.5386,1998
-41.1644,146.0786,1998
-40.0403,144.0475,1998
-41.1308,146.0328,1998
-41.1519,145.8764,1998
-41.1122,145.8889,1998
-41.0778,145.6086,1998
-41.0983,145.5975,1998
-41.3042,145.5583,1998
-41.7072,147.7033,1998
-41.5592,147.7819,1998
-41.6258,147.6317,1998
-41.5622,147.8506,1998
-41.6394,147.6150,1998
-41.1392,146.9583,1999
-41.7475,145.0867,1999
-41.6972,145.0858,1999
-42.0336,146.9325,1999
-41.0917,145.0819,1999
-41.0750,145.4658,1999
-41.0844,145.4358,1999
-42.5558,147.8358,1999
-40.9556,145.6267,1999
-40.9567,145.6597,1999
-40.9558,145.5944,1999
-40.8672,145.2972,1999
-40.9322,145.3633,1999
-40.9006,145.3511,1999
-40.9267,145.5667,1999
-41.0164,145.6825,1999
-41.0414,145.6700,1999
-41.3064,145.9322,1999
-41.1744,145.4872,1999
-41.0056,145.5281,1999
-41.0528,145.4781,1999
-41.5161,145.5250,2000
-41.1825,148.0089,2000
-41.1750,145.4611,2000
-41.0736,145.4861,2000
-42.3078,147.8797,2000
-42.2925,147.8700,2000
-42.2808,147.8553,2000
-42.0439,147.8883,2000
-42.1381,146.8925,2000
-42.1625,146.8356,2000
-42.1697,146.8392,2000
-41.1686,146.0547,2000
-41.0650,146.7133,2000
-41.0722,146.7181,2000
-42.5083,147.6550,2000
-42.4800,147.5381,2000
-41.5992,145.0922,2000
-41.6881,145.0811,2000
-41.4781,147.4025,2000
-41.5692,147.3744,2000
-41.3975,147.3100,2000
-41.4297,147.3628,2000
-41.4406,147.3664,2000
-42.8278,146.3161,2000
-42.7531,146.5225,2000
-42.8389,146.2367,2000
-42.8389,146.2392,2000
-41.8447,146.5822,2000
-41.6575,148.0764,2001
-41.2694,146.6636,2001
-41.5622,147.8481,2001
-43.0917,146.7458,2001
-42.7819,146.8156,2001
-42.7236,147.1272,2001
-42.8622,147.1569,2001
-42.3094,146.3875,2001
-42.7478,146.8522,2001
-42.2378,147.8486,2001
-42.7061,147.8525,2001
-42.6050,147.8803,2001
-42.0133,147.8672,2001
-41.3706,145.6142,2001
-41.4586,145.5908,2001
-42.2783,146.7369,2001
-41.8103,146.8992,2001
-41.8147,146.8483,2001
-43.0942,146.7125,2001
-42.5358,147.2997,2001
-41.8625,146.8386,2001
-41.9544,146.8831,2001
-41.8981,146.6217,2001
-41.5567,147.8756,2001
-41.5594,147.8719,2001
-42.2142,146.0175,2001
-41.5544,148.2053,2001
-41.4456,147.1175,2001
-41.1867,147.2411,2001
-41.3183,145.9558,2001
-41.3192,145.9547,2001
-41.4114,147.8964,2001
-41.4489,147.9353,2001
-41.1167,146.0792,2001
-41.4575,146.6122,2001
-41.4619,146.6158,2001
-41.5944,146.2347,2001
-41.6014,146.2272,2001
-41.6122,146.2189,2001
-42.2575,147.8475,2001
-42.2486,147.8450,2001
-42.2406,147.8461,2001
-42.2431,147.8439,2001
-42.3492,147.8939,2001
-42.2547,147.8489,2001
-42.2639,147.8222,2001
-42.2667,147.8308,2001
-42.2925,147.8700,2001
-42.2736,147.8514,2001
-41.6889,146.2142,2001
-41.6833,146.2083,2001
-41.5561,146.1692,2001
-41.5969,146.2058,2001
-41.6511,146.2231,2001
-41.6781,146.2156,2001
-42.3750,147.6525,2001
-42.4736,147.5756,2001
-41.5806,147.1814,2001
-41.7683,147.8356,2001
-41.7689,147.8372,2001
-41.6233,148.2450,2002
-41.6244,148.2425,2002
-42.1006,147.7511,2002
-42.1058,147.7681,2002
-42.1103,147.7683,2002
-42.1039,147.7997,2002
-41.8500,148.0975,2002
-42.1422,147.8389,2002
-41.1736,145.8997,2002
-42.7278,146.4603,2002
-42.7522,146.5089,2002
-42.7522,146.5164,2002
-43.0100,146.3622,2002
-42.7386,146.4956,2002
-41.1858,145.9400,2002
-41.1064,146.0486,2002
-41.2450,145.6683,2002
-41.2392,145.7067,2002
-42.7442,146.5042,2002
-42.7522,146.5150,2002
-42.7642,146.5431,2002
-42.7742,146.5944,2002
-42.7181,146.5214,2002
-42.7489,146.5664,2002
-41.0750,145.7681,2002
-40.8467,147.6383,2002
-41.6414,148.2417,2002
-41.5481,148.2303,2002
-40.8144,144.9856,2002
-40.9586,144.9800,2002
-41.1608,146.0836,2002
-41.6314,146.2631,2002
-42.1622,145.5392,2002
-41.2317,146.0408,2003
-41.0864,145.9989,2003
-42.1636,147.6358,2003
-42.1633,147.6464,2003
-42.1572,147.6503,2003
-41.1165,146.0794,2003
-41.5936,148.2242,2003
-41.1167,146.0792,2003
-41.0742,145.8669,2003
-41.3817,146.3939,2003
-41.3828,146.3942,2003
-41.3815,146.3931,2003
-41.3813,146.3938,2003
-41.3829,146.3934,2003
-41.1044,146.0211,2003
-41.0592,148.0261,2003
-41.2039,146.4731,2003
-41.2047,146.4694,2003
-42.7569,145.9931,2003
-42.7569,145.9944,2003
-42.7697,146.0053,2003
-41.5306,148.1761,2003
-41.2619,146.4092,2003
-41.2964,146.4233,2003
-41.3019,146.4303,2003
-41.3044,146.4375,2003
-41.3256,146.4708,2003
-41.3325,146.4469,2003
-42.9181,146.9714,2003
-42.9219,146.9722,2003
-42.9344,146.9650,2003
-40.9475,145.7300,2003
-40.9494,145.7278,2003
-38.6442,143.6889,2003
-38.6453,143.6767,2003
-38.7114,143.5675,2003
-38.7369,143.5750,2003
-38.8544,143.5119,2003
-38.4500,143.9372,2003
-38.4514,143.9361,2003
-41.1697,146.0533,2003
-41.3708,148.0547,2004
-41.3719,148.0631,2004
-41.0914,145.9656,2004
-41.6800,148.1811,2004
-41.6586,148.0764,2004
-42.1350,147.1381,2004
-41.2856,146.2539,2004
-41.1625,146.0633,2004
-41.3222,146.3669,2004
-41.3911,147.3494,2004
-41.3917,147.3494,2004
-41.3994,147.3286,2004
-41.4039,147.3442,2004
-41.4244,147.3928,2004
-41.4036,147.3642,2004
-41.4150,147.3761,2004
-41.4269,147.3811,2004
-40.7794,144.8825,2004
-40.7486,144.8786,2004
-40.8189,144.9844,2004
-41.3086,147.6597,2004
-41.2669,147.4194,2004
-42.4800,147.5383,2004
-41.2281,146.0456,2004
-41.3650,147.5633,2004
-41.3650,147.5644,2004
-42.7514,146.5083,2004
-42.7522,146.5094,2004
-42.7522,146.5111,2004
-42.7528,146.5125,2004
-42.7531,146.5136,2004
-42.7511,146.5206,2004
-42.7514,146.5183,2004
-42.7514,146.5225,2004
-42.7517,146.5233,2004
-42.7522,146.5167,2004
-42.7525,146.5156,2004
-41.3789,148.0333,2004
-41.3639,145.5808,2004
-37.2789,143.2397,2004
-37.2858,143.2364,2004
-37.4572,144.2685,2004
-37.4006,144.1576,2004
-37.4958,144.2186,2004
-37.5298,144.3236,2004
-37.4243,144.5545,2004
-37.3783,144.6097,2004
-38.5703,146.3069,2004
-38.5417,146.3194,2004
-38.5431,146.3194,2004
-38.4239,146.5869,2004
-38.3700,146.2044,2004
-38.4403,146.5167,2004
-37.8308,145.9906,2004
-38.2819,146.0033,2004
-38.2856,145.9681,2004
-37.7525,145.8392,2004
-41.1742,146.0511,2004
-41.4367,147.6131,2004
-41.4150,147.6464,2004
-41.1758,146.0464,2004
-41.5669,145.6833,2004
-41.5369,146.5283,2004
-36.9106,145.9583,2004
-37.4856,145.8289,2004
-37.3886,146.2083,2004
-36.9061,146.3139,2004
-36.7539,146.5764,2004
-36.9289,147.3039,2004
-36.7103,147.1172,2004
-36.7231,146.9350,2004
-37.5958,147.8906,2004
-37.4611,147.7981,2004
-37.6367,147.2358,2004
-37.6672,148.0669,2004
-37.3847,147.2150,2004
-37.6514,148.0994,2004
-37.4953,146.6994,2004
-37.4783,146.7089,2004
-37.7928,146.9378,2004
-37.4994,146.6811,2004
-38.0128,146.4428,2004
-37.9306,146.3878,2004
-37.9306,146.3772,2004
-41.1128,146.0556,2004
-41.1275,146.0697,2004
-37.6778,145.7422,2004
-37.6769,145.7425,2004
-37.6525,145.7306,2004
-38.2644,146.0742,2004
-38.2842,146.0689,2004
-38.4144,146.5708,2004
-38.3989,146.5844,2004
-38.4031,146.5758,2004
-37.8728,145.8133,2004
-41.2261,147.8831,2005
-41.3739,148.0619,2005
-41.3428,148.0331,2005
-41.2286,147.8878,2005
-41.3214,148.1997,2005
-41.4381,148.1481,2005
-41.5975,148.2764,2005
-41.7672,146.8181,2005
-41.2867,147.2464,2005
-41.3714,148.0572,2005
-38.2427,146.0928,2005
-38.2444,146.0917,2005
-38.2456,146.2722,2005
-38.2411,146.2163,2005
-38.2425,146.2150,2005
-38.1453,146.3564,2005
-38.2266,146.2380,2005
-38.2272,146.1486,2005
-38.2389,146.1594,2005
-38.2267,146.1481,2005
-38.3642,146.1931,2005
-38.2372,146.1144,2005
-38.2742,146.0508,2005
-38.2961,146.0292,2005
-38.2706,145.9817,2005
-38.2836,145.8822,2005
-38.2558,146.2556,2005
-38.2789,146.2719,2005
-38.3072,146.2856,2005
-38.3289,146.2897,2005
-38.3306,146.2875,2005
-38.3728,146.0656,2005
-42.0256,147.7817,2005
-38.1339,146.1917,2005
-38.1097,146.1708,2005
-38.2483,146.0906,2005
-38.3661,146.1847,2005
-38.2636,146.0892,2005
-38.2369,146.0728,2005
-38.4247,146.5883,2005
-38.2275,146.1456,2005
-38.2300,146.1439,2005
-38.2311,146.1450,2005
-38.2319,146.1444,2005
-38.2372,146.0969,2005
-38.2433,146.0953,2005
-38.2442,146.0953,2005
-38.2444,146.0925,2005
-38.2483,146.0919,2005
-38.2503,146.0869,2005
-38.2506,146.0878,2005
-38.1933,146.2589,2005
-38.2317,146.1614,2005
-38.2261,146.1772,2005
-38.2472,146.1264,2005
-38.2478,146.1222,2005
-38.2150,146.2089,2005
-38.2172,146.2078,2005
-38.4331,146.4928,2005
-38.2325,146.0683,2005
-38.2325,146.0686,2005
-38.4356,146.4917,2005
-41.1228,145.0006,2005
-41.1539,145.0281,2005
-41.1564,145.0242,2005
-41.1439,145.0181,2005
-42.2800,146.6417,2005
-42.2806,146.6281,2005
-42.3058,146.6561,2005
-42.3225,146.7136,2005
-42.2419,146.5639,2005
-42.2486,146.5628,2005
-42.2794,146.6319,2005
-42.2800,146.6411,2005
-41.2378,146.2794,2005
-41.5733,147.2378,2005
-41.5850,147.2100,2005
-41.1747,146.0322,2005
-41.2378,147.5469,2005
-41.2478,147.5183,2005
-37.1119,142.1136,2005
-37.1125,142.1161,2005
-37.1836,142.5083,2005
-37.1142,142.4097,2005
-37.1489,142.4750,2005
-37.2253,142.5608,2005
-37.1456,142.5025,2005
-38.4872,144.8872,2005
-37.2889,143.0917,2005
-37.3097,143.0897,2005
-38.4761,144.9325,2005
-37.1947,142.5214,2005
-37.2897,143.0917,2005
-37.1483,142.4511,2005
-37.1058,142.1169,2005
-37.2600,142.5683,2005
-37.2900,142.5919,2005
-35.3116,149.2268,2005
-35.6847,149.4367,2005
-35.7419,149.2692,2005
-35.7581,149.2731,2005
-41.4778,146.8300,2006
-41.4789,146.8336,2006
-38.4247,146.5889,2006
-38.4478,146.5336,2006
-38.4422,146.4833,2006
-38.4128,146.5728,2006
-38.2131,146.2075,2006
-38.2047,146.2350,2006
-38.3114,146.2811,2006
-38.2389,146.1119,2006
-38.2194,146.2072,2006
-38.2278,146.1408,2006
-38.2289,146.1400,2006
-38.2447,146.1289,2006
-38.2517,146.1064,2006
-38.2817,146.0328,2006
-38.2728,146.0500,2006
-38.2319,146.1444,2006
-38.4528,146.3869,2006
-38.3997,146.2717,2006
-38.3992,146.3044,2006
-38.3686,146.3281,2006
-38.3275,146.4664,2006
-38.3606,146.3889,2006
-38.3614,146.3889,2006
-37.6556,148.5144,2006
-37.4336,148.5964,2006
-37.6406,148.7233,2006
-37.6481,148.7078,2006
-37.6297,148.8875,2006
-37.5156,149.3069,2006
-37.5682,149.2743,2006
-37.7992,148.6706,2006
-37.2386,149.1736,2006
-37.3069,149.1658,2006
-36.9572,149.3119,2006
-37.1278,149.4578,2006
-37.1908,149.5997,2006
-37.2067,149.6511,2006
-37.1344,149.3400,2006
-37.5708,148.9636,2006
-37.2950,149.8225,2006
-37.3989,149.8217,2006
-37.4150,149.8158,2006
-38.4775,144.8933,2007
-42.2144,147.7528,2007
-42.2172,147.7500,2007
-38.2067,141.8336,2007
-38.2003,142.0300,2007
-38.1844,142.0114,2007
-38.1964,142.0119,2007
-38.2372,142.0697,2007
-38.2378,142.0714,2007
-38.1919,142.3828,2007
-38.1933,142.3828,2007
-38.3900,142.8350,2007
-41.5528,148.2175,2007
-41.5589,148.2097,2007
-41.5589,148.2103,2007
-41.5594,148.2119,2007
-38.0644,142.0886,2007
-38.1989,142.0492,2007
-38.2061,142.0375,2007
-38.2378,142.0781,2007
-38.2928,142.4847,2007
-38.2653,142.2503,2007
-38.1936,142.3831,2007
-38.2703,142.6731,2007
-38.2825,142.6639,2007
-38.2833,142.6633,2007
-38.3928,142.8356,2007
-37.9914,141.4272,2007
-38.2058,141.7014,2007
-38.2058,141.7300,2007
-37.9328,141.2953,2007
-37.8486,141.0147,2007
-42.2106,146.1306,2007
-41.2261,146.3014,2007
-38.1381,141.8694,2007
-38.1400,141.8694,2007
-38.0664,142.0833,2007
-38.2797,142.6664,2007
-38.2853,142.6614,2007
-38.2664,142.4669,2007
-38.3164,142.3672,2007
-38.3236,142.3661,2007
-38.1986,142.0269,2007
-38.2050,142.0958,2007
-38.2361,142.0700,2007
-38.2375,142.0711,2007
-38.2333,142.0197,2007
-38.1939,142.3789,2007
-38.1939,142.3808,2007
-38.1947,142.3842,2007
-38.1592,142.0600,2007
-37.9197,142.0450,2007
-37.9200,142.0250,2007
-37.9200,142.0414,2007
-37.9200,142.0481,2007
-37.8994,142.0661,2007
-37.9006,142.0628,2007
-38.2064,141.8333,2007
-37.5869,141.2908,2007
-37.5903,141.2308,2007
-37.7128,140.7761,2007
-37.6386,141.2683,2007
-37.7003,140.7861,2007
-37.1775,145.1797,2007
-37.1919,145.1808,2007
-37.1833,145.1778,2007
-37.4125,145.1697,2007
-37.4269,145.1472,2007
-37.3322,145.2461,2007
-37.4736,145.2328,2007
-37.3914,145.1706,2007
-41.6789,146.3814,2007
-41.6597,146.3158,2007
-32.0886,151.5961,2007
-32.0622,151.5772,2007
-32.4536,152.1022,2007
-40.9572,144.9806,2008
-38.2178,146.8814,2008
-38.1892,146.8186,2008
-37.4703,146.7289,2008
-37.4922,146.7000,2008
-38.4469,146.5383,2008
-41.1736,146.0517,2008
-41.1167,146.0792,2008
-40.8089,144.8306,2008
-40.8128,144.8314,2008
-40.9786,144.9431,2008
-41.4192,147.3406,2008
-41.2031,146.7058,2008
-41.3689,145.5781,2008
-42.0097,147.8519,2008
-41.1165,146.0794,2008
-41.6311,148.2403,2008
-41.1147,148.1525,2008
-41.1806,146.3672,2008
-41.1914,146.3653,2008
-41.7239,146.1769,2008
-42.1408,146.8933,2008
-42.8622,147.1575,2008
-43.4081,146.8706,2008
-43.5278,146.8875,2008
-43.1094,147.8931,2008
-43.1450,147.9486,2008
-43.1458,147.9531,2008
-42.7083,147.8417,2008
-42.0822,146.7650,2008
-42.1281,146.2553,2008
-42.7525,146.5233,2008
-42.7628,146.5461,2008
-41.8108,145.4136,2008
-41.8972,145.3989,2008
-42.2108,146.1314,2008
-42.1544,145.4344,2008
-41.1706,146.0561,2008
-17.2539,145.6400,2008
-17.2908,145.6333,2008
-17.2833,145.6289,2008
-17.6278,145.4672,2009
-17.6294,145.4675,2009
-17.3642,145.4128,2009
-17.6125,145.4736,2009
-17.5339,145.5325,2009
-17.4542,145.4519,2009
-17.3786,145.2969,2009
-17.3875,145.3319,2009
-17.4511,145.4125,2009
-17.5753,145.4747,2009
-17.5328,145.5150,2009
-17.4467,145.4764,2009
-42.0044,147.7936,2009
-42.0511,147.8558,2009
-34.6778,150.2950,2009
-34.6475,150.4756,2009
-34.6536,150.3953,2009
-34.6586,150.3917,2009
-34.6606,150.3203,2009
-34.5419,149.3956,2009
-34.7822,149.2689,2009
-34.4939,149.4178,2009
-34.6356,150.5583,2009
-34.6186,150.7106,2009
-34.6306,150.7028,2009
-34.5925,150.5969,2009
-41.3489,147.3764,2009
-41.3519,147.3881,2009
-41.3528,147.3883,2009
-41.3544,147.3903,2009
-41.3558,147.3919,2009
-41.3581,147.3936,2009
-41.3592,147.3944,2009
-41.3603,147.3939,2009
-40.9269,145.5750,2009
-41.2264,146.3019,2009
-41.0883,145.6031,2009
-41.1003,145.5897,2009
-41.1183,145.5658,2009
-41.0494,145.5886,2009
-41.0475,145.5919,2009
-41.0481,145.5906,2009
-41.0544,145.5839,2009
-41.0558,145.5822,2009
-41.0603,145.5811,2009
-41.0653,145.5789,2009
-41.0667,145.5806,2009
-41.0550,145.4922,2009
-41.0517,145.5311,2009
-41.0522,145.5306,2009
-41.0058,145.5978,2009
-40.9969,145.6033,2009
-41.0300,145.5825,2009
-41.0006,145.6481,2009
-41.0308,145.5814,2009
-41.0325,145.5508,2009
-41.0411,145.5792,2009
-41.0433,145.5789,2009
-41.0100,145.5825,2009
-41.0103,145.5925,2009
-41.0208,145.5650,2009
-41.6406,148.2422,2009
-41.5469,148.2311,2009
-41.5572,148.2067,2009
-42.6036,147.8858,2009
-42.4508,147.8761,2009
-42.4547,147.8928,2009
-42.4639,147.9156,2009
-41.3550,145.6797,2009
-41.3600,145.6789,2009
-40.8783,145.4475,2009
-40.9478,144.8203,2009
-40.9039,144.7161,2009
-40.7806,144.8839,2009
-41.2419,145.6919,2009
-41.2469,145.6667,2009
-41.2611,145.7372,2009
-41.4189,145.6647,2009
-41.4511,145.6219,2009
-41.1947,145.7903,2009
-41.4694,145.6281,2009
-41.4825,145.6358,2009
-41.5264,145.6608,2009
-41.5461,145.6683,2009
-41.5631,145.6886,2009
-41.5750,145.6842,2009
-41.1531,145.6197,2009
-41.1392,145.6331,2009
-41.1728,145.6161,2009
-41.1764,145.5194,2009
-41.1775,145.4969,2009
-41.1858,145.5811,2009
-41.1933,145.6403,2009
-41.1725,145.6992,2009
-41.0519,145.7683,2009
-41.1428,145.6986,2009
-41.1008,145.6483,2009
-40.7494,144.8781,2009
-40.9808,145.7067,2009
-41.2419,145.6781,2009
-41.2433,145.6900,2009
-41.2447,145.6711,2009
-41.2450,145.6728,2009
-41.2450,145.6881,2009
-41.2467,145.6850,2009
-41.1947,145.7100,2009
-41.1786,145.7436,2009
-41.2194,145.7164,2009
-41.3131,145.9544,2009
-41.2542,145.8636,2009
-41.1961,145.9050,2009
-40.9797,145.7067,2009
-41.4611,145.6483,2009
-41.4633,145.6558,2009
-41.4661,145.6642,2009
-41.4822,145.6022,2009
-41.4906,145.5722,2009
-41.4653,145.3956,2009
-41.4703,145.3486,2009
-41.2283,145.6172,2009
-41.2908,145.5825,2009
-40.7389,144.7453,2009
-40.7556,144.7719,2009
-40.7822,144.8219,2009
-41.3789,145.6389,2009
-41.4917,145.6747,2009
-41.4992,145.6586,2009
-41.4608,145.6233,2009
-43.3986,147.2997,2009
-43.3992,147.2981,2009
-43.3992,147.3022,2009
-43.3997,147.2944,2009
-41.0394,145.3756,2009
-40.9225,145.3261,2009
-41.0464,145.1864,2009
-41.0558,145.1883,2009
-41.2892,146.2522,2009
-41.2067,146.2019,2009
-41.0944,144.9811,2009
-41.1625,146.0622,2010
-41.9767,147.6536,2010
-40.9269,145.5750,2010
-41.1739,146.0514,2010
-41.3608,147.3944,2010
-41.9483,147.8814,2010
-41.0892,145.6903,2010
-41.1986,146.0722,2010
-31.7031,150.0219,2010
-31.7181,150.0125,2010
-31.7286,149.9825,2010
-31.7367,150.0200,2010
-31.7433,150.0828,2010
-31.5111,149.4250,2010
-31.2725,149.0758,2010
-30.2817,150.1344,2010
-30.2822,150.1711,2010
-30.2825,150.1514,2010
-31.5344,148.9250,2010
-41.5411,145.8228,2010
-41.5308,145.9072,2010
-41.5369,145.9075,2010
-41.5492,145.9008,2010
-41.5528,145.8997,2010
-41.5536,145.8942,2010
-41.5556,145.9014,2010
-40.9514,144.9822,2010
-40.9572,144.9808,2010
-40.9539,144.6933,2010
-40.8142,145.2414,2010
-40.9178,144.6611,2010
-40.9031,144.7167,2010
-40.9367,144.6483,2010
-40.9403,144.6586,2010
-40.9422,144.6625,2010
-40.9614,144.8544,2010
-40.9175,144.7883,2010
-40.9733,144.7678,2010
-40.9897,144.7819,2010
-40.9508,144.7981,2010
-40.9517,144.8156,2010
-41.4194,145.6658,2010
-40.8450,145.1533,2010
-40.8131,144.9881,2010
-40.8156,144.9847,2010
-41.1103,145.5558,2010
-41.1297,145.5617,2010
-41.1131,145.5778,2010
-41.1161,145.5628,2010
-41.1169,145.5572,2010
-41.1189,145.5658,2010
-41.1164,145.5294,2010
-41.0742,145.5917,2010
-41.0717,145.5578,2010
-41.0867,145.5664,2010
-41.1717,144.9292,2010
-41.1975,144.7742,2010
-41.1656,146.1472,2010
-40.9733,145.6128,2010
-40.9867,145.6467,2010
-40.9994,145.6239,2010
-41.0953,145.9706,2010
-40.8125,144.8292,2010
-40.8314,144.8144,2010
-40.7519,144.8792,2010
-40.7761,144.8833,2010
-40.8286,144.7919,2010
-41.4692,145.4311,2010
-34.9636,138.7125,2010
-35.0867,138.6631,2010
-34.9828,138.7775,2010
-41.4342,145.5872,2010
-41.4653,145.6256,2010
-40.9008,144.7308,2010
-40.9014,144.7292,2010
-40.9017,144.7258,2010
-40.9022,144.7239,2010
-40.9025,144.7217,2010
-40.8533,145.3658,2010
-40.9592,145.4903,2010
-40.9636,145.4847,2010
-40.9744,145.4614,2010
-41.7319,145.5300,2010
-41.7128,145.5928,2010
-41.7361,145.4464,2010
-41.6314,145.6325,2010
-40.9656,145.6047,2010
-40.9672,145.6036,2010
-40.9678,145.6089,2010
-40.9692,145.6039,2010
-40.9694,145.6053,2010
-40.9722,145.6072,2010
-40.9561,145.5964,2010
-41.2722,145.6003,2010
-41.2569,145.6061,2010
-41.3428,145.5517,2010
-41.2881,145.5703,2010
-41.3561,145.5956,2010
-41.3467,145.5906,2010
-41.3606,145.5822,2010
-40.9736,145.5886,2010
-41.1386,145.6578,2010
-41.1447,145.6675,2010
-40.9550,145.7228,2010
-41.4889,145.4933,2010
-41.2317,145.6119,2010
-41.0267,145.5761,2010
-41.0289,145.5847,2010
-41.0300,145.5822,2010
-40.7522,144.8789,2010
-34.9828,138.7772,2010
-34.9847,138.7783,2010
-34.9883,138.7747,2010
-34.9886,138.7769,2010
-34.9703,138.7506,2010
-34.9683,138.7783,2010
-35.2489,138.6842,2010
-41.3033,146.4586,2010
-41.3186,146.4642,2010
-41.3217,146.4667,2010
-41.0325,145.3772,2010
-40.9439,145.3603,2010
-40.9900,145.3794,2010
-41.5381,145.5697,2010
-41.5428,145.5611,2010
-41.0758,144.7444,2010
-41.0958,144.7311,2010
-41.0997,144.7406,2010
-41.4750,145.2533,2010
-41.2450,145.6039,2010
-41.2428,145.6131,2010
-41.2533,145.6072,2010
-41.0550,145.6203,2010
-41.0250,145.6056,2010
-41.0603,145.5964,2010
-41.0736,145.6197,2010
-41.0286,145.6339,2010
-41.0644,145.6083,2010
-41.0925,145.6108,2010
-41.2639,145.6053,2010
-41.2647,145.6047,2010
-41.2661,145.5986,2010
-41.2661,145.6000,2010
-41.2661,145.6022,2010
-41.2825,145.5933,2010
-41.3272,145.5689,2010
-41.3503,145.5814,2010
-28.6028,153.3822,2010
-28.6053,153.3669,2010
-28.6017,153.3728,2010
-28.5422,153.2925,2010
-28.5536,153.2789,2010
-28.6206,153.3669,2010
-28.5600,153.4875,2010
-28.5503,153.4972,2010
-28.6081,153.3842,2010
-41.1919,145.6694,2010
-41.1947,145.6558,2010
-41.2003,145.6511,2010
-41.2019,145.6683,2010
-41.2056,145.6586,2010
-41.1889,145.6850,2010
-41.1922,145.6694,2010
-41.2019,145.6756,2010
-41.2039,145.6656,2010
-41.2625,145.6794,2010
-41.2675,145.6364,2010
-41.2889,145.7017,2010
-41.3108,145.6681,2010
-41.3142,145.6528,2010
-41.3019,145.6536,2010
-41.3069,145.6753,2010
-41.3114,145.6572,2010
-41.3336,145.6436,2010
-41.2925,145.7039,2010
-41.0797,145.6217,2010
-41.0886,145.6264,2010
-41.0928,145.6283,2010
-41.1056,145.6550,2010
-41.0967,145.6356,2010
-41.1458,145.6917,2010
-41.1461,145.6808,2010
-41.1464,145.6794,2010
-41.1464,145.6886,2010
-41.1467,145.6872,2010
-41.1489,145.6886,2010
-41.1133,145.6289,2010
-28.5267,153.5506,2010
-41.2344,145.9322,2010
-41.2706,145.8539,2010
-41.3161,145.7922,2010
-41.2697,145.7936,2010
-41.2608,145.0225,2010
-41.1672,145.0697,2010
-40.9422,145.0908,2010
-41.3153,145.0869,2010
-41.2972,145.5597,2010
-41.3131,145.5442,2010
-41.2650,145.7003,2010
-41.2622,145.7147,2010
-41.1419,146.0608,2011
-41.4319,145.6967,2011
-41.4794,145.5725,2011
-41.2386,145.6600,2011
-41.2450,145.6636,2011
-41.2400,145.6417,2011
-41.2414,145.6497,2011
-41.2261,145.6272,2011
-41.2275,145.6308,2011
-41.2286,145.6222,2011
-41.2408,145.6278,2011
-41.4469,145.4456,2011
-41.3703,145.5789,2011
-40.9031,145.2844,2011
-40.9133,145.2344,2011
-40.9428,145.2400,2011
-40.9447,145.2439,2011
-41.0922,145.4511,2011
-41.1617,146.0633,2011
-40.7650,144.9797,2011
-40.8444,145.1047,2011
-41.9797,147.8589,2011
-41.9897,147.8572,2011
-41.0011,144.8728,2011
-40.9975,144.9539,2011
-41.0678,144.9322,2011
-41.0756,144.9731,2011
-41.0539,144.9022,2011
-41.0169,144.8675,2011
-41.0428,144.8700,2011
-41.0464,145.5944,2011
-41.0531,145.5914,2011
-41.0458,145.5925,2011
-41.0511,145.5881,2011
-41.0469,145.5886,2011
-41.0489,145.5875,2011
-41.0500,145.5867,2011
-41.0508,145.5856,2011
-37.2314,148.8050,2011
-37.2586,148.7339,2011
-37.3906,148.5969,2011
-37.7442,148.6486,2011
-38.5703,146.3056,2011
-41.0211,145.5894,2011
-41.0122,145.6106,2011
-41.0125,145.6122,2011
-41.0131,145.6089,2011
-41.1906,144.7494,2011
-41.2281,144.7328,2011
-41.2306,144.7611,2011
-41.2344,144.7408,2011
-41.1797,144.8806,2011
-41.1969,144.7722,2011
-41.1981,144.8000,2011
-41.1986,144.8078,2011
-41.2000,144.7778,2011
-41.2025,144.7769,2011
-41.2072,144.7772,2011
-41.2206,144.7733,2011
-41.2222,144.7719,2011
-41.2231,144.7711,2011
-41.2244,144.7700,2011
-41.2267,144.7692,2011
-41.2283,144.7678,2011
-41.2294,144.7661,2011
-41.2350,144.7600,2011
-41.2369,144.7639,2011
-41.2081,144.7686,2011
-41.2156,144.7744,2011
-41.1075,145.5811,2011
-41.1150,145.5717,2011
-41.1164,145.5775,2011
-41.1169,145.5706,2011
-41.1197,145.5711,2011
-41.0789,145.5683,2011
-41.0986,145.5711,2011
-41.1094,145.5797,2011
-41.1131,145.5747,2011
-41.1133,145.5761,2011
-41.1133,145.5769,2011
-41.1142,145.5736,2011
-41.1142,145.5789,2011
-41.1144,145.5731,2011
-41.0744,145.5878,2011
-41.0831,145.5867,2011
-41.0836,145.5881,2011
-41.0842,145.5911,2011
-41.1017,145.5833,2011
-41.1025,145.6006,2011
-41.2106,145.1283,2011
-41.2150,145.1261,2011
-41.2075,145.0419,2011
-41.2244,145.0294,2011
-41.2861,145.0411,2011
-41.3033,145.0608,2011
-41.2850,145.5042,2011
-41.2956,145.4975,2011
-41.3086,145.5111,2011
-41.2667,145.5322,2011
-41.3286,145.5272,2011
-41.1733,145.4569,2011
-41.1775,145.4561,2011
-41.2275,145.5556,2011
-41.2275,145.5597,2011
-41.2317,145.5625,2011
-41.2353,145.5658,2011
-41.2444,145.5736,2011
-41.2564,145.5783,2011
-41.2186,145.5569,2011
-40.9883,145.5603,2011
-41.0122,145.5603,2011
-41.0228,145.5642,2011
-41.0292,145.5561,2011
-41.0328,145.5503,2011
-41.0272,145.5761,2011
-41.0292,145.5825,2011
-41.0297,145.5814,2011
-41.0306,145.5833,2011
-41.1000,145.5917,2011
-41.1089,145.5967,2011
-41.0331,145.6028,2011
-41.1172,145.6253,2011
-41.5675,145.1922,2011
-41.6147,145.1350,2011
-41.6158,145.1417,2011
-41.6161,145.1325,2011
-41.4517,145.0817,2011
-41.5164,145.1042,2011
-41.6056,145.0919,2011
-41.3189,145.5972,2011
-41.3350,145.5650,2011
-41.3417,145.5517,2011
-41.3425,145.5519,2011
-41.3703,145.5742,2011
-41.4625,145.6261,2011
-41.4761,145.6314,2011
-41.4764,145.6322,2011
-41.0428,145.1267,2011
-41.0511,145.1772,2011
-41.0536,145.1508,2011
-41.0547,145.1939,2011
-41.2131,144.7753,2011
-41.2158,144.7742,2011
-41.2183,144.7736,2011
-41.2197,144.7731,2011
-41.2211,144.7728,2011
-41.2236,144.7711,2011
-41.2250,144.7692,2011
-41.2269,144.7694,2011
-41.1478,145.6789,2011
-41.1478,145.6792,2011
-41.1481,145.6792,2011
-41.1481,145.6794,2011
-41.5419,145.8239,2011
-41.5517,145.7353,2011
-41.1214,145.7042,2011
-40.9269,145.5750,2011
-41.1767,145.6531,2011
-41.0544,145.2739,2011
-41.1278,145.2975,2011
-41.3956,145.2283,2011
-41.4003,145.2347,2011
-41.4139,145.2383,2011
-41.0847,145.9722,2011
-36.1606,144.2294,2011
-34.0911,146.2189,2011
-34.1464,146.2094,2011
-33.8714,147.3633,2011
-33.8731,147.3664,2011
-34.5506,147.7156,2011
-35.1100,146.7767,2011
-36.1347,146.6136,2011
-37.4278,144.4014,2011
-28.5603,153.4247,2012
-28.4008,153.4525,2012
-28.4033,153.4517,2012
-41.0844,145.9756,2012
-34.7750,150.5322,2012
-34.7800,150.5383,2012
-34.7853,150.5447,2012
-34.7878,150.5544,2012
-34.6828,150.5225,2012
-34.6847,150.4978,2012
-34.6853,150.4917,2012
-34.5928,150.5969,2012
-34.6864,150.4981,2012
-34.7922,150.5658,2012
-34.6172,150.6228,2012
-41.5483,148.0769,2012
-41.5494,148.0792,2012
-41.5600,148.0922,2012
-41.5639,148.1039,2012
-41.6331,148.2181,2012
-41.5625,148.1006,2012
-41.5344,148.1725,2012
-41.1347,146.0656,2012
-41.2864,146.2653,2012
-41.2394,147.0303,2012
-41.2406,147.0314,2012
-41.5611,147.1431,2012
-41.5644,147.1450,2012
-41.3528,146.0736,2012
-40.9242,145.5669,2012
-42.7278,147.8406,2012
-42.7319,147.8367,2012
-42.7086,147.8406,2012
-31.8486,148.5806,2012
-31.2228,148.2078,2012
-31.2725,149.0758,2012
-31.8786,149.0881,2012
-31.7278,148.9011,2012
-31.2925,149.0403,2012
-31.3586,148.9364,2012
-31.3594,148.9425,2012
-23.1808,150.7939,2013
-23.3267,150.5531,2013
-33.3642,149.8942,2013
-33.3994,149.9061,2013
-33.0147,149.8728,2013
-33.0164,149.8731,2013
-33.1375,150.0619,2013
-33.0164,149.8767,2013
-32.8561,150.2331,2013
-33.4031,150.1975,2013
-33.4267,150.1997,2013
-41.1619,146.4381,2013
-41.6431,148.0111,2013
-41.6433,148.0122,2013
-41.6111,147.9300,2013
-41.6300,147.9475,2013
-41.6272,147.8003,2013
-41.6275,147.8200,2013
-41.6314,147.8389,2013
-41.5400,148.0808,2013
-41.5347,148.0778,2013
-41.5258,148.0981,2013
-41.5567,148.0750,2013
-41.5328,148.0506,2013
-41.5336,148.0589,2013
-41.6222,148.0194,2013
-41.6278,148.0400,2013
-41.6289,148.0272,2013
-41.6308,148.0472,2013
-41.6347,148.0583,2013
-41.6442,148.0617,2013
-41.5644,148.0067,2013
-41.5767,148.0056,2013
-41.5758,147.9514,2013
-41.5781,147.9711,2013
-41.4625,148.1489,2013
-41.4700,148.1333,2013
-41.4953,148.1281,2013
-41.5283,148.1475,2013
-41.5369,148.1853,2013
-41.5278,148.1739,2013
-41.5056,148.1072,2013
-41.5169,148.0906,2013
-41.4075,148.2361,2013
-41.5475,148.0789,2013
-41.5547,148.1503,2013
-41.5653,148.1400,2013
-41.5661,148.1408,2013
-41.5647,148.1058,2013
-41.5719,148.1006,2013
-35.2450,139.1419,2013
-34.7608,142.3436,2013
-41.6458,147.7675,2013
-41.6461,147.7694,2013
-41.6464,147.7717,2013
-41.6472,147.7775,2013
-41.6200,147.7681,2013
-41.6206,147.7586,2013
-41.6206,147.7636,2013
-41.6206,147.7711,2013
-41.6217,147.7528,2013
-41.6225,147.7722,2013
-41.6231,147.7494,2013
-41.6236,147.7458,2013
-41.6236,147.7481,2013
-41.6278,147.7731,2013
-41.6353,147.7447,2013
-38.3228,145.6158,2013
-38.3819,145.5731,2013
-38.8325,145.9972,2013
-38.8358,146.0003,2013
-33.6408,150.2822,2013
-33.6458,150.2825,2013
-41.1694,146.0550,2014
-42.1306,147.0681,2014
-42.1092,147.2431,2014
-42.1250,147.2731,2014
-41.4892,147.9875,2014
-41.4933,147.9950,2014
-41.4967,147.9950,2014
-41.7064,147.8319,2014
-30.0508,151.3258,2014
-30.4672,151.3722,2014
-30.2839,152.0783,2014
-30.4794,152.3047,2014
-30.4872,152.4031,2014
-30.5475,151.7678,2014
-30.5742,151.8847,2014
-30.5969,151.8036,2014
-40.7906,144.9008,2014
-40.7889,147.9825,2014
-40.8731,147.7564,2014
-41.5133,148.0194,2014
-41.5206,148.0300,2014
-41.5597,148.0917,2014
-41.5161,148.0358,2014
-41.4417,147.0800,2014
-41.4431,147.0928,2014
-41.4467,147.0961,2014
-41.4478,147.0947,2014
-41.4864,147.0769,2014
-41.4886,147.0772,2014
-41.4900,147.0775,2014
-41.4828,146.8292,2014
-41.4781,146.8350,2014
-41.5000,146.7439,2014
-41.5014,146.7425,2014
-41.4367,147.0939,2014
-41.4422,147.0883,2014
-41.4894,147.0631,2014
-41.4972,147.0639,2014
-41.4989,147.0569,2014
-42.2554,146.4758,2014
-42.2867,146.4569,2014
-41.9483,147.8742,2014
-42.0042,147.8517,2014
-42.0156,147.9278,2014
-41.6406,148.2417,2014
-41.6240,148.2556,2014
-41.5608,148.0950,2014
-41.5344,148.1756,2014
-41.3222,148.1319,2014
-41.2606,148.0394,2014
-41.2245,147.9689,2014
-41.3083,147.9389,2014
-41.3214,147.9247,2014
-41.5747,147.2372,2014
-41.4569,147.1369,2014
-40.8308,147.6683,2014
-37.2028,145.1789,2014
-37.2047,145.1747,2014
-37.2778,145.1631,2014
-37.2897,145.1811,2014
-37.6972,145.5600,2014
-37.5258,145.5231,2014
-37.5375,145.5131,2014
-37.4464,145.4778,2014
-37.7014,145.5722,2014
-37.6775,145.7408,2014
-37.7214,145.7214,2014
-37.5928,145.6431,2014
-37.5633,145.6825,2014
-37.6022,145.7017,2014
-37.7500,145.6494,2014
-37.7200,145.8006,2014
-37.2633,145.9058,2014
-36.9394,145.9472,2014
-37.4500,145.7567,2014
-36.5983,145.9561,2014
-36.2975,146.1608,2014
-36.1711,146.6522,2014
-36.2869,146.1600,2014
-36.4081,146.2133,2014
-36.2089,146.5686,2014
-35.6553,148.0617,2014
-35.7786,147.9567,2014
-35.9564,147.4211,2014
-35.5306,148.1267,2014
-36.9917,149.9117,2014
-35.5694,148.3267,2014
-35.5803,148.3239,2014
-35.5875,148.3464,2014
-37.5672,149.2750,2014
-37.5664,149.3231,2014
-37.5086,149.5136,2014
-37.4200,149.8186,2014
-37.2339,149.8281,2014
-37.1717,149.8553,2014
-37.4858,149.5778,2014
-37.6808,148.7581,2014
-37.6306,148.8867,2014
-37.5925,148.9844,2014
-37.5806,149.0206,2014
-37.5753,149.1089,2014
-37.4956,148.1619,2014
-37.4975,148.1608,2014
-37.7439,148.6497,2014
-37.6839,148.0375,2014
-37.6278,148.6192,2014
-37.7594,148.0744,2014
-37.3883,147.2275,2014
-37.3914,147.2453,2014
-37.5950,147.1931,2014
-37.7972,148.5883,2014
-37.7283,147.5300,2014
-37.6669,147.2806,2014
-38.4228,146.5811,2014
-37.9397,146.4022,2014
-38.0553,146.3297,2014
-38.3108,146.5631,2014
-38.2261,146.1450,2014
-38.3225,145.6144,2014
-38.1742,145.1703,2014
-38.3811,145.5719,2014
-38.2172,145.3775,2014
-41.7031,147.7967,2014
-41.7053,147.7967,2014
-41.7239,147.7956,2014
-41.7031,147.8025,2014
-41.7094,147.8081,2014
-41.4497,147.0889,2014
-41.4381,147.1111,2014
-41.4456,147.1144,2014
-35.5781,149.0164,2014
-35.5783,149.0022,2014
-35.5819,149.3056,2014
-37.6928,143.6944,2014
-41.1700,146.0539,2014
-41.1700,146.0553,2014
-41.5350,148.0842,2015
-41.5708,148.1811,2015
-41.4933,147.9903,2015
-41.4417,147.0800,2015
-43.0641,147.1871,2015
-41.7103,146.7278,2015
-42.2128,147.7644,2015
-42.2142,147.7525,2015
-42.2167,147.7497,2015
-42.3050,146.3897,2015
-41.1703,146.0539,2015
-41.2667,147.3986,2015
-41.2669,147.3925,2015
-41.4425,147.0928,2015
-41.4178,147.3353,2015
-40.8419,147.6433,2015
-41.3828,146.3836,2015
-41.0208,145.6767,2015
-41.2386,146.5297,2015
-41.3125,146.1461,2015
-41.3144,146.1483,2015
-41.3858,146.0864,2015
-41.3575,146.0728,2015
-41.4172,146.0742,2015
-40.9339,145.2403,2015
-40.9481,145.2419,2015
-40.9492,145.2403,2015
-42.0872,148.2419,2015
-41.8958,148.2961,2015
-41.9028,148.2956,2015
-42.0661,148.1939,2015
-41.8997,148.0508,2015
-41.9031,148.0581,2015
-41.9108,148.0569,2015
-41.1536,146.1494,2015
-42.0586,148.0011,2015
-42.0600,147.9881,2015
-42.0086,147.8764,2015
-42.0142,147.9089,2015
-42.0136,147.9644,2015
-42.0167,147.9431,2015
-42.0978,147.9894,2015
-42.1011,147.9850,2015
-41.9742,148.1411,2015
-41.9669,148.2283,2015
-41.9194,148.2178,2015
-42.1414,148.0444,2015
-41.8394,148.0606,2015
-41.8492,148.0489,2015
-41.8553,148.0383,2015
-41.8683,148.0228,2015
-41.8900,148.0469,2015
-41.1647,146.1456,2015
-41.2425,147.0528,2015
-41.2467,147.0633,2015
-41.1881,146.9967,2015
-41.3858,146.4006,2015
-41.0106,145.6781,2015
-41.2411,147.0317,2015
-41.2414,147.0333,2015
-41.1144,147.3747,2015
-41.1181,147.3925,2015
-41.1267,147.3889,2015
-41.1342,147.3742,2015
-41.0458,147.4006,2015
-41.0472,147.4008,2015
-41.0511,147.3981,2015
-41.0511,147.4061,2015
-41.0522,147.4022,2015
-41.0581,147.4083,2015
-41.0583,147.3997,2015
-41.0650,147.4022,2015
-41.0700,147.4106,2015
-41.0522,145.7689,2015
-40.0558,148.0717,2015
-40.0581,148.0611,2015
-39.9033,147.8261,2015
-40.2017,148.1142,2015
-40.0211,147.9192,2015
-40.0600,148.0567,2015
-40.0619,148.0567,2015
-41.1536,146.1497,2015
-35.5447,150.3761,2016
-35.5458,150.3692,2016
-35.2631,150.3511,2016
-35.2533,150.3806,2016
-35.2617,150.3586,2016
-35.5317,150.2486,2016
-35.6003,150.2561,2016
-35.4839,150.3169,2016
-35.5142,150.2167,2016
-35.6139,150.0806,2016
-35.5889,149.9186,2016
-35.5561,150.0375,2016
-35.5853,150.0583,2016
-42.0139,147.7305,2016
-42.0100,147.7867,2016
-41.1777,146.0289,2016
-41.2851,146.2548,2016
-41.2886,146.2516,2016
-41.4180,147.3357,2016
-41.3039,147.4839,2016
-41.3122,146.1457,2016
-41.3816,146.3973,2016
-41.3795,146.3868,2016
-41.1704,146.0545,2016
-41.1672,146.0569,2016
-41.3145,148.1866,2016
-41.5610,148.0952,2016
-41.5418,148.1802,2016
-41.5576,148.2070,2016
-41.6338,148.2421,2016
-42.0158,147.3582,2016
-35.1573,136.9375,2016
-35.2149,136.8627,2016
-35.2747,136.8854,2016
-35.2152,137.0440,2016
-35.2396,137.1401,2016
-35.2649,136.8521,2016
-35.0926,137.0121,2016
-35.1565,137.0675,2016
-34.7225,137.8343,2016
-34.7675,137.8013,2016
-35.0922,137.0464,2016
-34.5512,137.8464,2016
-42.6126,147.2567,2016
-42.6134,147.2649,2016
-42.9356,147.8998,2016
-42.9378,147.8932,2016
-43.0739,147.8877,2016
-43.0760,147.8904,2016
-43.0726,147.8796,2016
-42.9852,147.7113,2016
-43.1110,147.8966,2016
-43.1306,147.7189,2016
-43.1411,147.7183,2016
-43.0730,147.6774,2016
-42.9334,147.9011,2016
-42.9744,147.9098,2016
-42.9741,147.9043,2016
-42.8519,147.3946,2016
-42.6863,147.7111,2016
-42.7506,147.8281,2016
-42.7582,147.8294,2016
-42.8610,147.4541,2016
-42.8003,147.3391,2016
-41.8588,148.0238,2016
-41.8615,148.0151,2016
-41.8636,148.0076,2016
-41.8393,148.0159,2016
-41.8676,148.0374,2016
-41.8666,148.0178,2016
-41.8704,148.0072,2016
-41.8709,148.0126,2016
-42.0889,148.1280,2016
-42.0485,148.0612,2016
-42.0534,148.0632,2016
-42.1478,148.0559,2016
-41.9537,148.2286,2016
-41.9666,148.2304,2016
-42.0871,148.2422,2016
-42.0659,148.2077,2016
-41.9948,148.0590,2016
-42.0005,148.2500,2016
-41.7444,147.6988,2016
-41.7836,147.9545,2016
-41.8322,147.8829,2016
-41.8487,148.0497,2016
-41.8701,148.0232,2016
-41.8726,148.0218,2016
-41.8736,148.0167,2016
-41.8792,148.0105,2016
-41.8630,148.0232,2016
-41.8216,148.0054,2016
-41.8719,148.0224,2016
-41.8746,148.0204,2016
-41.8630,148.0194,2016
-41.8781,147.9978,2016
-41.8817,148.0009,2016
-41.8825,147.9950,2016
-41.8846,148.0014,2016
-41.8449,148.0135,2016
-41.8542,148.0158,2016
-41.8549,148.0138,2016
-41.8585,148.0200,2016
-41.8590,148.0214,2016
-41.8594,148.0177,2016
-41.8601,148.0187,2016
-41.8612,148.0197,2016
-41.8623,148.0227,2016
-41.8626,148.0224,2016
-41.8627,148.0202,2016
-41.8404,148.0158,2016
-41.8409,148.0153,2016
-41.8421,148.0179,2016
-41.8723,148.0172,2016
-41.8576,148.0238,2016
-41.8334,148.0155,2016
-41.8686,148.0156,2016
-41.8773,148.0117,2016
-41.8774,148.0139,2016
-41.8806,148.0102,2016
-41.8823,148.0113,2016
-41.8835,148.0131,2016
-41.4730,147.6314,2016
-41.4720,147.6884,2016
-41.4741,147.6390,2016
-41.4720,147.6688,2016
-41.4726,147.6688,2016
-41.4771,147.6632,2016
-41.4776,147.6598,2016
-41.7172,148.0818,2016
-41.6630,148.0804,2016
-41.6881,148.0845,2016
-41.7016,148.0956,2016
-41.4460,147.7366,2016
-41.4673,147.7351,2016
-41.4730,147.7118,2016
-41.1536,146.1494,2016
-35.5983,142.8532,2016
-36.4901,142.0650,2016
-36.4922,142.0671,2016
-36.2316,141.8380,2016
-37.0317,142.7650,2016
-37.1121,142.1161,2016
-36.9160,142.5067,2016
-37.0313,142.7653,2016
-37.1882,142.5938,2016
-37.2971,143.3848,2016
-37.2471,143.2206,2016
-37.2802,143.2392,2016
-37.2854,143.2361,2016
-37.2977,143.2523,2016
-41.7828,147.9106,2016
-41.8228,148.0079,2016
-41.8260,148.0093,2016
-41.8203,148.0116,2016
-41.8229,148.0143,2016
-41.8236,148.0140,2016
-41.8248,148.0144,2016
-41.9911,148.0573,2016
-41.9782,148.0677,2016
-41.9830,148.0649,2016
-41.9698,148.0750,2016
-41.9517,148.0788,2016
-41.9262,148.0713,2016
-41.9274,148.0694,2016
-41.9277,148.0748,2016
-41.9277,148.0762,2016
-42.0792,148.0665,2016
-41.8470,148.0172,2016
-41.8482,148.0173,2016
-41.8874,148.0446,2016
-41.8391,147.8716,2016
-41.8454,147.8464,2016
-41.8112,147.8060,2016
-42.0509,148.0860,2016
-42.0837,148.0681,2016
-42.0488,148.0594,2016
-41.7928,147.7619,2016
-41.8103,147.7617,2016
-41.1775,146.0285,2017
-41.1542,146.1506,2017
-41.1538,146.1496,2017
-41.6326,147.7612,2017
-41.6327,147.7615,2017
-41.6333,147.7602,2017
-41.6342,147.7617,2017
-41.6345,147.7619,2017
-41.6362,147.7587,2017
-41.6372,147.7614,2017
-42.0862,148.2415,2017
-41.9198,148.0619,2017
-41.9427,148.0746,2017
-41.9269,148.0808,2017
-41.9270,148.0792,2017
-41.9283,148.0839,2017
-41.9284,148.0830,2017
-41.9287,148.0730,2017
-41.9328,148.0850,2017
-41.9276,148.0616,2017
-41.9285,148.0583,2017
-41.9200,148.0575,2017
-41.9232,148.0532,2017
-41.9562,148.0856,2017
-41.9349,148.0879,2017
-41.9403,148.0884,2017
-41.9423,148.0871,2017
-41.9468,148.0871,2017
-41.9495,148.0863,2017
-41.9270,148.0646,2017
-41.6384,147.7650,2017
-41.6417,147.7610,2017
-41.6428,147.7613,2017
-41.6433,147.7637,2017
-41.6436,147.7637,2017
-41.6437,147.7632,2017
-41.6443,147.7625,2017
-41.9444,148.0760,2017
-41.9360,148.0859,2017
-41.9419,148.0862,2017
-41.9237,148.0634,2017
-41.8674,148.0225,2017
-41.8646,148.0196,2017
-41.8746,148.0115,2017
-41.8747,148.0108,2017
-41.8771,148.0112,2017
-41.6277,147.7571,2017
-41.6278,147.7538,2017
-41.6294,147.7515,2017
-41.6314,147.7533,2017
-41.6297,147.7572,2017
-41.6302,147.7582,2017
-41.6311,147.7592,2017
-41.6326,147.7611,2017
-35.0941,137.0084,2017
-35.1006,137.0095,2017
-35.1099,137.0120,2017
-35.1107,137.0122,2017
-35.1110,137.0191,2017
-35.1113,137.0177,2017
-35.1113,137.0184,2017
-35.1125,137.0152,2017
-35.0965,137.0088,2017
-35.1102,137.0220,2017
-35.1102,137.0222,2017
-35.2491,136.9269,2017
-35.2586,136.9293,2017
-35.2593,136.9294,2017
-35.2596,136.9356,2017
-35.2602,136.9249,2017
-41.2032,145.3218,2017
-41.3382,146.0760,2017
-41.3548,146.0691,2017
-41.3551,146.0727,2017
-41.3383,146.0790,2017
-41.0338,145.3776,2017
-40.9557,145.5213,2017
-40.9984,145.4510,2017
-40.9228,145.5664,2017
-40.8164,144.9842,2017
-41.3756,147.4233,2017
-41.3811,147.4196,2017
-41.0674,144.9368,2017
-41.0700,144.9341,2017
-41.1041,144.9755,2017
-41.0834,144.9706,2017
-41.0865,144.9572,2017
-41.0782,144.9722,2017
-40.9562,145.5950,2017
-40.9332,145.3660,2017
-40.9308,145.3560,2017
-40.9310,145.3497,2017
-40.9764,145.4536,2017
-40.9832,145.4549,2017
-40.9853,145.4514,2017
-41.0726,145.2834,2017
-40.9313,145.3218,2017
-41.4083,145.2379,2017
-41.2323,145.3307,2017
-41.0886,145.6029,2017
-41.0904,145.6031,2017
-41.0937,145.6005,2017
-41.0979,145.6025,2017
-41.5392,147.6719,2017
-41.1165,145.5781,2017
-41.1219,145.5794,2017
-41.1168,145.5608,2017
-41.1197,145.5861,2017
-41.1123,145.5867,2017
-41.1118,145.5897,2017
-41.1577,145.5406,2017
-41.1585,145.5397,2017
-41.1773,145.6041,2017
-41.1906,145.3182,2017
-41.1929,145.3193,2017
-41.2270,147.6229,2018
-41.2304,147.6109,2018
-41.2304,147.6160,2018
-41.6315,147.7623,2018
-41.6316,147.7619,2018
-41.6318,147.7611,2018
-41.6322,147.7641,2018
-41.6310,147.7664,2018
-41.6313,147.7659,2018
-41.6320,147.7651,2018
-41.6276,147.7581,2018
-41.6277,147.7545,2018
-41.6278,147.7563,2018
-41.6280,147.7501,2018
-41.6281,147.7524,2018
-41.6276,147.7590,2018
-41.6276,147.7598,2018
-41.6284,147.7607,2018
-41.6301,147.7616,2018
-41.6300,147.7579,2018
-41.6306,147.7588,2018
-41.6314,147.7595,2018
-41.6321,147.7607,2018
-41.6343,147.7618,2018
-41.6382,147.7638,2018
-41.5032,147.6150,2018
-41.5317,147.6649,2018
-41.5357,147.6618,2018
-41.0779,144.9723,2018
-41.0861,144.9550,2018
-42.1368,148.3174,2018
-41.6431,147.7636,2018
-41.6438,147.7641,2018
-41.6457,147.7654,2018
-41.6459,147.7672,2018
-41.6474,147.7640,2018
-41.6492,147.7646,2018
-41.6395,147.7578,2018
-41.6450,147.7639,2018
-41.6455,147.7609,2018
-41.0546,145.7656,2018
-41.1624,146.0633,2018
-41.2795,146.4119,2018
-41.3796,146.3868,2018
-41.3819,146.3965,2018
-41.1773,144.8814,2018
-41.2041,144.8687,2018
-41.2044,144.8699,2018
-41.1701,146.0548,2018
-41.5758,145.9398,2018
-41.5551,145.9021,2018
-42.2119,146.1257,2018
-41.9855,145.5165,2018
-42.1659,146.1997,2018
-42.2995,146.3858,2018
-42.3101,146.3934,2018
-42.7774,146.3978,2018
-42.8177,146.3557,2018
-43.1337,146.7918,2018
-43.0878,146.7522,2018
-42.9326,147.9016,2018
-42.9383,147.8982,2018
-42.9420,147.9225,2018
-42.7224,147.8398,2018
-41.6409,148.2418,2018
-42.0130,147.8534,2018
-41.2265,148.0198,2018
-41.2278,148.0297,2018
-41.3227,148.1346,2018
-41.3487,148.0816,2018
-41.4164,147.8963,2018
-41.5613,148.0949,2018
-41.3735,147.7734,2018
-41.0734,147.7256,2018
-41.0631,147.6412,2018
-41.0720,147.6615,2018
-41.7034,146.7195,2018
-41.7103,146.7268,2018
-41.4174,147.3344,2018
-41.3151,146.1506,2018
-41.0713,145.6145,2018
-41.0679,145.6051,2018
-41.0693,145.5970,2018
-40.9772,145.4538,2018
-40.9577,145.4912,2018
-41.6431,146.2896,2018
-41.6507,146.2891,2018
-41.8310,148.0176,2018
-41.8332,148.0190,2018
-41.8332,148.0192,2018
-41.8339,148.0193,2018
-41.8352,148.0210,2018
-41.8306,148.0239,2018
-41.8308,148.0196,2018
-41.8338,148.0262,2018
-41.8348,148.0243,2018
-41.8346,148.0170,2018
-41.8267,148.0210,2018
-41.8328,148.0137,2018
-41.2307,147.6110,2018
-41.2210,147.6255,2018
-41.2216,147.6250,2018
-41.6496,147.7598,2018
-41.6514,147.7609,2018
-41.6514,147.7616,2018
-41.6833,146.3570,2018
-41.6840,146.3614,2018
-41.6841,146.3589,2018
-41.6836,146.3761,2019
-41.6800,146.3523,2019
-41.6827,146.3516,2019
-41.6832,146.3673,2019
-41.6812,146.3568,2019
-41.6814,146.3550,2019
-41.6840,146.3518,2019
-41.6844,146.3531,2019
-41.6807,146.3508,2019
-41.6820,146.3480,2019
-41.6830,146.3522,2019
-41.6282,147.7678,2019
-41.6295,147.7663,2019
-41.6304,147.7682,2019
-41.6232,147.7610,2019
-41.6242,147.7666,2019
-41.6254,147.7555,2019
-41.6265,147.7583,2019
-41.6240,147.7691,2019
-41.6242,147.7694,2019
-41.6247,147.7692,2019
-41.6255,147.7700,2019
-41.6262,147.7688,2019
-41.6270,147.7705,2019
-41.6312,147.7729,2019
-41.6337,147.7659,2019
-41.6288,147.7679,2019
-41.6340,147.7680,2019
-41.9255,148.0797,2019
-41.9258,148.0857,2019
-41.9236,148.0622,2019
-41.6855,146.7515,2020
-41.6865,146.7509,2020
-41.6830,146.7434,2020
